-0.354051
-0.991181
0.99916
0.536116
0.996768
-0.997497
-1.00101
-0.96419
0.538837
0.214827
0.997514
0.564341
0.999794
-0.509079
0.999955
0.870092
-0.828426
-0.997624
0.0474501
-0.331158
-0.997306
-0.80176
0.995988
-0.37227
0.999266
0.997648
-0.812367
0.236749
-0.191535
0.999067
0.624942
0.999967
-0.99866
0.530693
0.99826
0.998905
-0.514311
0.745073
-0.169339
-0.271243
-0.995652
0.99951
0.997841
0.99928
-0.997087
0.693975
-0.971274
-0.175996
-0.997958
-1.00139
0.889244
0.118219
0.214298
-0.638737
-0.99988
0.190346
-0.998822
0.995888
-0.999941
-0.589283
-0.997607
-0.28761
0.723206
0.991992
-0.351885
-0.327238
0.833642
0.99566
-0.997744
-0.877443
0.999133
-0.414745
0.998899
0.517239
0.928777
0.348712
0.686972
-0.517563
0.999951
-0.332619
0.112038
0.0189225
0.0275772
-0.99994
-1.00067
-0.772302
-0.998406
0.997417
0.978846
-0.247697
-0.995615
0.999576
-0.427478
-0.998376
0.0977489
1.00038
-0.645714
-0.998902
0.433186
0.999571
-0.66899
-0.944452
-0.848239
0.120741
0.999455
-0.828099
0.618081
-0.997884
-0.374161
0.25513
-0.118862
0.99905
1.00013
-0.997449
0.992512
-1.0008
0.999166
0.677909
-0.998857
-0.997626
0.364868
0.998797
0.672309
0.99944
-0.956015
-0.396683
-0.99942
0.284045
-0.997916
0.999854
0.866033
1
-0.957026
-0.999838
-0.664909
0.997835
0.999822
-0.997816
0.635026
-0.992033
-0.184079
-0.999192
0.136668
-0.999564
-1
0.00959229
0.943887
-1
-0.998433
0.0186553
-0.866672
-0.729659
-0.132931
0.101529
