veC_pos	1.25599	-10.9574	7.71955	peC_pos	0	-0.00647317	0.0110582	grip	1062.65	fe	-62.7996	554.747	-397.729
veC_pos	-0.335138	-5.48576	5.04601	peC_pos	0.00512516	-0.0503509	0.0417302	grip	1065.29	fe	11.2971	327.926	-296.755
veC_pos	-2.04001	-1.98792	3.31935	peC_pos	0.00491777	-0.0714256	0.0628168	grip	1068	fe	96.7481	175.679	-233.056
veC_pos	-2.47426	-0.538462	2.27819	peC_pos	-0.00218351	-0.0785822	0.07679	grip	1070.76	fe	126.051	111.066	-196.133
veC_pos	-2.54442	0.0717871	1.60997	peC_pos	-0.0116949	-0.0804126	0.0860766	grip	1073.58	fe	139.776	82.7401	-172.909
veC_pos	-2.19737	0.0635224	1.32781	peC_pos	-0.0219356	-0.0802213	0.0921622	grip	1076.46	fe	133.481	83.1786	-165.599
veC_pos	-1.48643	-0.24615	1.2951	peC_pos	-0.0306701	-0.0802104	0.0969358	grip	1079.39	fe	107.426	98.8856	-169.386
veC_pos	-0.107927	-0.797719	1.53893	peC_pos	-0.0359617	-0.0812544	0.101802	grip	1082.37	fe	44.3203	127.834	-187.134
veC_pos	1.43983	-0.989477	1.53281	peC_pos	-0.0349938	-0.084128	0.107882	grip	1085.41	fe	-34.0087	140.787	-193.737
veC_pos	2.36005	-0.615802	1.07154	peC_pos	-0.0278586	-0.0877513	0.113713	grip	1088.51	fe	-87.6782	126.308	-177.354
veC_pos	2.85119	-0.129539	0.523181	peC_pos	-0.0176206	-0.0901207	0.117484	grip	1091.65	fe	-123.324	104.858	-154.41
veC_pos	3.031	0.305417	0.0496942	peC_pos	-0.00596861	-0.0907298	0.119077	grip	1094.85	fe	-145.015	84.065	-132.856
veC_pos	2.99478	0.631452	-0.267899	peC_pos	0.00607874	-0.0896387	0.118972	grip	1098.1	fe	-156.414	66.8601	-117.249
veC_pos	2.78874	0.836331	-0.433815	peC_pos	0.0178996	-0.0871623	0.11788	grip	1101.41	fe	-159.152	54.1845	-108.144
veC_pos	2.35278	0.856041	-0.361802	peC_pos	0.0290126	-0.0837434	0.116379	grip	1104.76	fe	-149.691	49.7142	-110.48
veC_pos	0.867511	1.34443	-0.443609	peC_pos	0.0385254	-0.0802407	0.115139	grip	1108.16	fe	-86.0678	21.6983	-105.412
veC_pos	-0.741869	2.12577	-0.704398	peC_pos	0.0420413	-0.0748593	0.113367	grip	1111.61	fe	-9.64013	-23.0742	-90.7996
veC_pos	-1.53011	2.34955	-0.883918	peC_pos	0.0390459	-0.0663852	0.110473	grip	1115.11	fe	32.9649	-43.4506	-78.9936
veC_pos	-1.78612	2.165	-1.06517	peC_pos	0.0329598	-0.0570052	0.106873	grip	1118.66	fe	52.4354	-44.4809	-66.2954
veC_pos	-1.76312	1.79696	-1.202	peC_pos	0.0259967	-0.0483075	0.102624	grip	1122.25	fe	58.9813	-35.6348	-55.0697
veC_pos	-1.42151	1.23929	-1.13875	peC_pos	0.0192508	-0.0410138	0.0979313	grip	1125.89	fe	49.4013	-15.7878	-53.3223
veC_pos	-0.436797	0.385992	-0.71579	peC_pos	0.0138853	-0.0358684	0.0936448	grip	1129.57	fe	6.15543	21.2164	-69.9891
veC_pos	0.955689	-0.343504	-0.288934	peC_pos	0.0123033	-0.0340728	0.091169	grip	1133.3	fe	-61.7278	55.7899	-88.8753
veC_pos	2.10493	-0.624592	-0.0824707	peC_pos	0.0160845	-0.0353167	0.0902122	grip	1137.07	fe	-123.536	71.3874	-98.4544
veC_pos	2.68521	-0.574716	-0.10017	peC_pos	0.0245025	-0.0378371	0.0897906	grip	1140.89	fe	-162.215	71.9038	-97.4327
veC_pos	2.73753	-0.374062	-0.230616	peC_pos	0.0354894	-0.0401684	0.0891444	grip	1144.75	fe	-177.503	64.6858	-90.517
veC_pos	2.41629	-0.118557	-0.376507	peC_pos	0.0469726	-0.0416038	0.0879638	grip	1148.65	fe	-174.77	53.7159	-82.2141
veC_pos	1.84152	0.153835	-0.460791	peC_pos	0.0574109	-0.0419058	0.0862611	grip	1152.59	fe	-158.247	40.6084	-76.3839
veC_pos	-0.896257	1.44041	-0.888243	peC_pos	0.0656916	-0.0410552	0.0842866	grip	1156.57	fe	-31.1638	-24.5373	-53.0708
veC_pos	-2.29771	1.91155	-0.950543	peC_pos	0.0624964	-0.0352345	0.0805553	grip	1160.58	fe	42.3534	-54.6851	-45.964
veC_pos	-2.70698	1.71224	-0.824642	peC_pos	0.0533019	-0.0276495	0.0765777	grip	1164.64	fe	73.2716	-53.4105	-47.9534
veC_pos	-2.68024	1.33361	-0.693615	peC_pos	0.0423748	-0.0208436	0.0732421	grip	1168.73	fe	84.4873	-42.32	-50.9197
veC_pos	-2.29739	0.844943	-0.441784	peC_pos	0.0316554	-0.0154473	0.070606	grip	1172.86	fe	77.7422	-24.1296	-60.722
veC_pos	-0.978146	-0.0321854	0.193361	peC_pos	0.022591	-0.0118586	0.0691707	grip	1177.03	fe	22.3171	15.5672	-91.0839
veC_pos	0.828638	-0.665003	0.584496	peC_pos	0.018788	-0.0116632	0.0703898	grip	1181.23	fe	-63.6249	47.027	-112.371
veC_pos	1.91944	-0.652993	0.508656	peC_pos	0.0220909	-0.0141902	0.0728585	grip	1185.46	fe	-122.16	49.4716	-111.804
veC_pos	2.18726	-0.320569	0.167763	peC_pos	0.0297709	-0.0168332	0.0747574	grip	1189.73	fe	-144.783	36.0554	-97.3291
veC_pos	1.94944	0.0775957	-0.300824	peC_pos	0.0386062	-0.0181486	0.075252	grip	1194.03	fe	-143.569	17.7901	-74.8118
veC_pos	1.23667	0.627517	-0.897629	peC_pos	0.0466065	-0.0177714	0.0739826	grip	1198.36	fe	-117.685	-10.0793	-43.7761
veC_pos	-0.468099	1.62382	-1.70586	peC_pos	0.0519738	-0.0149953	0.070562	grip	1202.72	fe	-39.1049	-63.1561	0.42677
veC_pos	-2.03337	1.95131	-2.0038	peC_pos	0.0507265	-0.00805455	0.0640831	grip	1207.11	fe	40.4361	-87.843	22.835
veC_pos	-2.81496	1.52591	-1.82826	peC_pos	0.042985	3.82054e-06	0.0561665	grip	1211.52	fe	88.6706	-76.3002	23.3661
veC_pos	-3.04571	0.80659	-1.40468	peC_pos	0.0318114	0.00613028	0.048716	grip	1215.97	fe	113.604	-47.7837	10.9971
veC_pos	-2.89859	0.0838749	-0.942535	peC_pos	0.0196122	0.00932121	0.0429473	grip	1220.44	fe	120.994	-15.5697	-5.28782
veC_pos	-2.50897	-0.486395	-0.556882	peC_pos	0.00805417	0.00972545	0.0392189	grip	1224.94	fe	115.583	12.4067	-20.1966
veC_pos	-1.67287	-0.987741	-0.191122	peC_pos	-0.00188608	0.0080181	0.037285	grip	1229.46	fe	85.9625	39.5291	-36.2843
veC_pos	0.0741088	-1.66257	0.367231	peC_pos	-0.0085885	0.00438749	0.036937	grip	1234.01	fe	6.89282	77.7141	-63.9421
veC_pos	1.39511	-1.73529	0.457432	peC_pos	-0.00841805	-0.00205764	0.0386226	grip	1238.57	fe	-59.3292	89.3132	-70.7086
veC_pos	1.93809	-1.32403	0.182117	peC_pos	-0.00293761	-0.00899964	0.0403586	grip	1243.16	fe	-93.2524	77.3894	-59.2782
veC_pos	2.03726	-0.758073	-0.210231	peC_pos	0.0048119	-0.0143938	0.0408545	grip	1247.78	fe	-107.867	55.8639	-40.4658
veC_pos	1.36018	0.334845	-0.982632	peC_pos	0.0131271	-0.0174905	0.0398099	grip	1252.41	fe	-84.4495	5.16291	-0.726577
veC_pos	-0.775781	1.94988	-1.92409	peC_pos	0.0191168	-0.0159605	0.0359509	grip	1257.06	fe	14.7581	-77.4309	51.0122
veC_pos	-2.03926	2.23554	-2.00614	peC_pos	0.0167037	-0.00786993	0.028342	grip	1261.73	fe	80.8873	-101.847	64.5474
veC_pos	-2.57391	1.83442	-1.69635	peC_pos	0.00882549	0.00111589	0.0201382	grip	1266.41	fe	117.519	-93.1344	59.314
veC_pos	-2.74661	1.20554	-1.24478	peC_pos	-0.00148221	0.00834463	0.0130483	grip	1271.11	fe	139.215	-70.8839	45.653
veC_pos	-2.25658	0.182964	-0.387305	peC_pos	-0.0124808	0.0130971	0.00786048	grip	1275.83	fe	128.752	-25.8578	9.33661
veC_pos	-0.0808741	-1.40695	0.979514	peC_pos	-0.0210996	0.0141301	0.00652618	grip	1280.56	fe	31.0631	52.2531	-57.3329
veC_pos	1.27325	-1.71937	1.02619	peC_pos	-0.0206501	0.00902331	0.0106907	grip	1285.3	fe	-37.1211	74.3706	-65.0502
veC_pos	1.89675	-1.49706	0.520068	peC_pos	-0.0151512	0.00230113	0.0146422	grip	1290.06	fe	-75.2916	71.8845	-44.8927
veC_pos	2.11726	-1.06344	-0.187757	peC_pos	-0.00752555	-0.00381024	0.0163979	grip	1294.83	fe	-96.1186	58.1056	-11.8446
veC_pos	1.59173	-0.11583	-1.16988	peC_pos	0.000861478	-0.00823483	0.0154004	grip	1299.6	fe	-80.7063	16.4935	38.4796
veC_pos	-0.772383	1.62093	-2.31144	peC_pos	0.00749315	-0.00852259	0.010933	grip	1304.39	fe	28.8451	-69.9297	101.311
veC_pos	-1.90556	1.77064	-2.43684	peC_pos	0.00509738	-0.00163819	0.00196656	grip	1309.18	fe	88.6047	-86.3875	119.267
veC_pos	-2.36719	1.34921	-2.20258	peC_pos	-0.00210883	0.0056092	-0.00780136	grip	1313.99	fe	121.13	-74.831	120.38
veC_pos	-2.55185	0.816065	-1.84219	peC_pos	-0.0114761	0.0109688	-0.01681	grip	1318.79	fe	142.727	-55.2689	114.278
veC_pos	-2.47313	0.215626	-1.32532	peC_pos	-0.0217047	0.014122	-0.0244047	grip	1323.61	fe	152.385	-29.4733	98.568
veC_pos	-1.77145	-0.669115	-0.399467	peC_pos	-0.0315066	0.0149568	-0.0297829	grip	1328.42	fe	130.427	13.5867	59.5376
veC_pos	0.0504169	-1.80307	0.808074	peC_pos	-0.0381263	0.0125427	-0.031128	grip	1333.24	fe	48.3108	73.4311	1.09756
veC_pos	1.33512	-1.95686	0.98221	peC_pos	-0.0372576	0.00569485	-0.0276811	grip	1338.07	fe	-16.9026	90.2227	-12.0713
veC_pos	1.9946	-1.59429	0.610199	peC_pos	-0.0315687	-0.00205197	-0.0238789	grip	1342.89	fe	-57.3368	82.4698	1.55681
veC_pos	2.09127	-0.872909	-0.100981	peC_pos	-0.023557	-0.00854702	-0.0217111	grip	1347.72	fe	-72.8155	55.1644	34.3095
veC_pos	1.46269	0.182794	-0.997452	peC_pos	-0.0152755	-0.0121039	-0.022233	grip	1352.54	fe	-52.4737	7.23137	79.9435
veC_pos	-0.647288	1.65772	-1.96295	peC_pos	-0.00926968	-0.0110781	-0.0258858	grip	1357.36	fe	44.9467	-67.8491	133.284
veC_pos	-1.52798	1.69198	-2.03471	peC_pos	-0.0115443	-0.00409503	-0.0334256	grip	1362.18	fe	92.1243	-79.0209	147.267
veC_pos	-1.94329	1.31618	-1.80447	peC_pos	-0.0175695	0.00277689	-0.0415245	grip	1366.99	fe	121.182	-69.6049	146.987
veC_pos	-2.10026	0.811163	-1.43906	peC_pos	-0.0253955	0.00796153	-0.0488893	grip	1371.8	fe	139.85	-51.4798	139.02
veC_pos	-1.97454	0.204667	-0.934286	peC_pos	-0.0337729	0.0110688	-0.0548321	grip	1376.61	fe	145.219	-25.4707	122.197
veC_pos	-0.860774	-0.92718	0.214257	peC_pos	-0.0413201	0.0118556	-0.0586105	grip	1381.41	fe	100.119	29.9816	70.2519
veC_pos	1.33746	-2.05551	1.43243	peC_pos	-0.0437828	0.00845371	-0.0575122	grip	1386.19	fe	-6.18162	91.0572	8.10178
veC_pos	2.40626	-1.9472	1.40855	peC_pos	-0.0375244	0.000409419	-0.0519172	grip	1390.98	fe	-68.1175	96.7905	1.78822
veC_pos	2.90648	-1.46316	0.976935	peC_pos	-0.0276316	-0.00749312	-0.0467035	grip	1395.75	fe	-106.757	83.6163	16.3395
veC_pos	2.27199	-0.252941	0.0657225	peC_pos	-0.0162207	-0.0134493	-0.0431057	grip	1400.51	fe	-90.8821	31.4828	57.0837
veC_pos	-0.246863	1.53882	-1.10863	peC_pos	-0.00719685	-0.0139943	-0.0424319	grip	1405.26	fe	22.4565	-57.2753	115.059
veC_pos	-1.55054	1.7666	-1.32922	peC_pos	-0.00781281	-0.00718148	-0.0463776	grip	1409.99	fe	88.5431	-78.204	131.853
veC_pos	-2.08205	1.33616	-1.15437	peC_pos	-0.0138779	0.000130505	-0.0516763	grip	1414.71	fe	123.736	-66.9926	130.826
veC_pos	-2.24297	0.731828	-0.887901	peC_pos	-0.0222904	0.00539336	-0.056536	grip	1419.42	fe	143.788	-44.2468	124.643
veC_pos	-2.13332	0.084328	-0.55828	peC_pos	-0.0312622	0.00815467	-0.0602801	grip	1424.11	fe	151.187	-15.8296	113.759
veC_pos	-1.26915	-0.866316	0.267478	peC_pos	-0.0394171	0.00848388	-0.0624098	grip	1428.79	fe	119.776	31.1941	75.7963
veC_pos	1.62069	-2.2961	1.87275	peC_pos	-0.0433414	0.0054847	-0.0607628	grip	1433.44	fe	-18.9073	106.943	-6.5373
veC_pos	2.67766	-2.03487	1.71618	peC_pos	-0.0356746	-0.0032886	-0.0531812	grip	1438.08	fe	-82.5802	106.473	-9.32997
veC_pos	2.8801	-1.34959	1.12736	peC_pos	-0.0245586	-0.0114416	-0.0466717	grip	1442.7	fe	-108.575	83.9863	10.9651
veC_pos	2.33459	-0.44082	0.349605	peC_pos	-0.0131742	-0.0169167	-0.0424634	grip	1447.3	fe	-97.6626	46.5245	43.977
veC_pos	0.843686	0.71968	-0.483753	peC_pos	-0.00414028	-0.0184588	-0.040924	grip	1451.88	fe	-36.1731	-9.18404	83.6042
veC_pos	-1.27089	1.6858	-1.18492	peC_pos	-0.000705571	-0.0148984	-0.0422311	grip	1456.43	fe	64.5721	-62.5917	120.753
veC_pos	-2.02486	1.57577	-1.20105	peC_pos	-0.00571827	-0.00770049	-0.0466275	grip	1460.96	fe	109.597	-67.5383	128.174
veC_pos	-2.22634	1.17159	-1.03643	peC_pos	-0.0139701	-0.0013211	-0.0514456	grip	1465.47	fe	131.79	-56.6434	127.213
veC_pos	-2.14431	0.707884	-0.858105	peC_pos	-0.0229918	0.00326105	-0.0557681	grip	1469.95	fe	141.012	-40.1878	124.881
veC_pos	-1.90623	0.274152	-0.764265	peC_pos	-0.0313781	0.00600703	-0.0593653	grip	1474.4	fe	141.575	-22.5644	125.742
veC_pos	-1.50142	-0.10398	-0.802362	peC_pos	-0.038378	0.00714816	-0.0624928	grip	1478.83	fe	131.826	-5.37192	132.534
veC_pos	1.26691	-1.25167	0.233973	peC_pos	-0.0433387	0.00691434	-0.0657456	grip	1483.23	fe	0.935592	52.3277	85.8173
veC_pos	2.06304	-1.33248	0.482782	peC_pos	-0.0378428	0.00191395	-0.0651034	grip	1487.6	fe	-46.8569	63.7766	72.7089
veC_pos	1.96528	-1.09772	0.334967	peC_pos	-0.0296811	-0.00352647	-0.0634176	grip	1491.95	fe	-53.9815	60.1475	77.8673
veC_pos	1.49094	-0.757315	0.0523901	peC_pos	-0.022159	-0.00797944	-0.0621055	grip	1496.26	fe	-41.3917	49.805	90.3062
veC_pos	0.533525	-0.166435	-0.430846	peC_pos	-0.0165872	-0.0109403	-0.061632	grip	1500.53	fe	-1.78661	24.738	114.023
veC_pos	-2.19844	0.895034	-1.49542	peC_pos	-0.0146087	-0.0112721	-0.0626475	grip	1504.78	fe	131.905	-27.7897	169.042
veC_pos	-2.72894	0.580493	-1.37256	peC_pos	-0.0233766	-0.00756682	-0.0684467	grip	1508.99	fe	171.722	-17.6064	171.913
veC_pos	-2.61123	0.0617975	-1.01303	peC_pos	-0.0343146	-0.00535493	-0.0741536	grip	1513.17	fe	182.485	5.01306	162.859
veC_pos	-2.23678	-0.389199	-0.645607	peC_pos	-0.0446199	-0.00517788	-0.0783472	grip	1517.32	fe	179.541	27.3164	151.158
veC_pos	-1.28947	-0.932005	0.0302445	peC_pos	-0.0530755	-0.00656759	-0.0807367	grip	1521.42	fe	145.224	56.5923	121.322
veC_pos	1.95691	-1.88174	1.69093	peC_pos	-0.0570872	-0.00967641	-0.0799954	grip	1525.49	fe	-10.7595	108.848	37.4857
veC_pos	2.78328	-1.43586	1.66431	peC_pos	-0.0483677	-0.0169552	-0.0733903	grip	1529.53	fe	-65.1845	97.7263	29.0366
veC_pos	2.73504	-0.747503	1.23194	peC_pos	-0.0370181	-0.0228283	-0.0671538	grip	1533.52	fe	-79.9839	72.3828	41.3844
veC_pos	2.01603	0.0507197	0.570333	peC_pos	-0.0262537	-0.0259583	-0.0624147	grip	1537.47	fe	-60.4372	37.3743	67.4444
veC_pos	-0.657982	1.49512	-0.659172	peC_pos	-0.0184837	-0.0256694	-0.0597852	grip	1541.39	fe	61.3897	-35.1893	125.111
veC_pos	-2.01553	1.78342	-1.15903	peC_pos	-0.0210378	-0.019399	-0.0618993	grip	1545.26	fe	133.285	-59.1942	153.602
veC_pos	-2.17831	1.36533	-1.11179	peC_pos	-0.0291443	-0.012292	-0.0665796	grip	1549.09	fe	154.062	-49.2249	158.727
veC_pos	-1.93925	0.796613	-0.910159	peC_pos	-0.0378492	-0.00698727	-0.0713473	grip	1552.88	fe	155.738	-28.9803	156.302
veC_pos	-1.52764	0.2534	-0.734432	peC_pos	-0.0452264	-0.00386686	-0.0752626	grip	1556.63	fe	146.783	-6.65074	153.878
veC_pos	-1.12127	-0.108675	-0.970153	peC_pos	-0.0504615	-0.00274025	-0.0782951	grip	1560.33	fe	134.8	9.70946	170.674
veC_pos	1.09806	-0.961317	-0.11775	peC_pos	-0.0538418	-0.00305465	-0.0823337	grip	1563.99	fe	29.3048	52.8433	134.656
veC_pos	2.1154	-1.26473	0.604458	peC_pos	-0.0491725	-0.00694664	-0.083087	grip	1567.6	fe	-28.6871	74.1261	100.024
veC_pos	2.06384	-1.2262	0.749134	peC_pos	-0.0409782	-0.0121119	-0.0807496	grip	1571.16	fe	-38.8088	80.3399	89.4139
veC_pos	1.70245	-1.03702	0.633001	peC_pos	-0.0330866	-0.0170541	-0.0775839	grip	1574.68	fe	-33.0217	78.7058	90.5196
veC_pos	0.411375	-0.487143	-0.424909	peC_pos	-0.0265516	-0.0211439	-0.0746132	grip	1578.15	fe	21.3335	57.7253	138.996
veC_pos	-2.13242	0.311088	-2.05648	peC_pos	-0.0251976	-0.0229693	-0.0756781	grip	1581.57	fe	146.473	20.773	222.514
veC_pos	-2.51561	0.158475	-2.19534	peC_pos	-0.0338322	-0.021718	-0.0838966	grip	1584.94	fe	179.403	26.4979	242.738
veC_pos	-2.10176	-0.231982	-1.86185	peC_pos	-0.0437346	-0.0211512	-0.0929139	grip	1588.26	fe	174.55	45.1926	240.664
veC_pos	-1.61335	-0.504029	-1.50443	peC_pos	-0.0517471	-0.022099	-0.100484	grip	1591.53	fe	163.025	60.3727	235.144
veC_pos	-1.24015	-0.612593	-1.26727	peC_pos	-0.0576547	-0.0240713	-0.106474	grip	1594.75	fe	153.952	69.0172	233.162
veC_pos	-1.17247	-0.513771	-1.41748	peC_pos	-0.062001	-0.0264455	-0.111435	grip	1597.91	fe	157.696	67.9463	248.938
veC_pos	0.593865	-0.943057	-0.607484	peC_pos	-0.066041	-0.0284753	-0.117077	grip	1601.03	fe	76.0401	92.7426	217.818
veC_pos	1.75238	-1.08678	0.519097	peC_pos	-0.0636113	-0.0322859	-0.119651	grip	1604.09	fe	14.4191	106.128	165.976
veC_pos	1.8098	-0.899835	0.944682	peC_pos	-0.0570104	-0.0366823	-0.1175	grip	1607.09	fe	1.13109	103.944	141.599
veC_pos	1.27191	-0.44321	0.759432	peC_pos	-0.0502898	-0.0402962	-0.113418	grip	1610.05	fe	17.3735	87.0393	144.636
veC_pos	-2.024	0.851384	-1.56566	peC_pos	-0.045779	-0.0419963	-0.109645	grip	1612.94	fe	175.039	25.1684	255.135
veC_pos	-2.17591	0.666241	-1.62657	peC_pos	-0.0541579	-0.0385949	-0.115795	grip	1615.78	fe	196.303	29.0489	268.429
veC_pos	-1.57545	0.200367	-1.21947	peC_pos	-0.0628026	-0.0360472	-0.122523	grip	1618.57	fe	180.423	48.3264	259.286
veC_pos	-0.966335	-0.188225	-0.852344	peC_pos	-0.0686596	-0.0352985	-0.127455	grip	1621.29	fe	159.634	66.6405	249.259
veC_pos	-0.51901	-0.440116	-0.642746	peC_pos	-0.0717739	-0.036006	-0.13065	grip	1623.96	fe	142.509	80.4783	244.307
veC_pos	0.51499	-0.751446	-0.415089	peC_pos	-0.0728521	-0.0376528	-0.132811	grip	1626.57	fe	92.75	98.8174	236.781
veC_pos	2.17289	-1.07084	1.08268	peC_pos	-0.0702812	-0.0406527	-0.134582	grip	1629.13	fe	5.8524	119.771	165.118
veC_pos	2.33618	-0.87674	1.64803	peC_pos	-0.0619389	-0.0450435	-0.130391	grip	1631.62	fe	-15.7484	117.331	130.346
veC_pos	1.73662	-0.447082	1.52132	peC_pos	-0.0532489	-0.0486978	-0.123698	grip	1634.05	fe	0.180578	101.929	126.064
veC_pos	-1.74701	0.757898	-1.16647	peC_pos	-0.047074	-0.0506162	-0.117093	grip	1636.43	fe	164.384	44.9348	249.938
veC_pos	-2.3984	0.808696	-1.67376	peC_pos	-0.0544784	-0.0475999	-0.121574	grip	1638.74	fe	209.196	37.5691	282.916
veC_pos	-1.7351	0.334443	-1.28854	peC_pos	-0.0640652	-0.0445028	-0.128478	grip	1640.99	fe	191.886	56.3065	275.259
veC_pos	-1.09241	-0.0558909	-0.891853	peC_pos	-0.0706611	-0.04326	-0.133693	grip	1643.18	fe	170.729	73.8785	264.274
veC_pos	-0.778823	-0.285749	-0.817886	peC_pos	-0.0744583	-0.0435121	-0.137072	grip	1645.31	fe	161.448	85.8782	266.42
veC_pos	0.0428854	-0.639176	-0.65948	peC_pos	-0.0768632	-0.0446785	-0.140016	grip	1647.37	fe	124.478	105.561	263.633
veC_pos	1.48514	-0.874478	0.605769	peC_pos	-0.0761071	-0.0472327	-0.142608	grip	1649.38	fe	51.2723	121.628	204.926
veC_pos	1.9592	-0.758724	1.44589	peC_pos	-0.0703267	-0.0507505	-0.140288	grip	1651.31	fe	18.1715	121.741	159.365
veC_pos	1.73886	-0.494887	1.63394	peC_pos	-0.0629571	-0.0539174	-0.134465	grip	1653.19	fe	17.137	113.88	140.598
veC_pos	1.14026	-0.144909	1.27648	peC_pos	-0.0564941	-0.0561071	-0.127711	grip	1655	fe	36.4848	100.103	147.538
veC_pos	-0.870597	0.340965	-0.788006	peC_pos	-0.052464	-0.0569415	-0.122107	grip	1656.74	fe	130.449	77.2893	241.7
veC_pos	-1.97729	0.593911	-1.87952	peC_pos	-0.0563747	-0.0556354	-0.125014	grip	1658.43	fe	192.358	62.5717	301.302
veC_pos	-1.60441	0.385217	-1.69368	peC_pos	-0.0642781	-0.0533412	-0.13267	grip	1660.04	fe	186.925	69.2878	304.923
veC_pos	-1.05728	0.162813	-1.27875	peC_pos	-0.0703208	-0.0519072	-0.139538	grip	1661.59	fe	169.708	78.1079	295.792
veC_pos	-0.745199	0.0347699	-1.01568	peC_pos	-0.0739294	-0.0513637	-0.144569	grip	1663.07	fe	160.21	83.6832	291.213
veC_pos	-0.631625	-0.0779978	-1.05058	peC_pos	-0.0761761	-0.0513597	-0.148444	grip	1664.49	fe	158.376	89.3877	299.613
veC_pos	0.183136	-0.391797	-0.733105	peC_pos	-0.07791	-0.0518645	-0.152481	grip	1665.84	fe	120.629	105.988	290.665
veC_pos	1.15023	-0.512142	0.294746	peC_pos	-0.0765456	-0.0535292	-0.155462	grip	1667.13	fe	70.0997	114.847	244.438
veC_pos	1.57728	-0.405405	1.2218	peC_pos	-0.0720277	-0.0556024	-0.154395	grip	1668.35	fe	41.3029	113.034	196.494
veC_pos	1.49731	-0.245493	1.65028	peC_pos	-0.0662459	-0.0573739	-0.149456	grip	1669.49	fe	35.7318	108.06	167.003
veC_pos	1.12717	-0.0924423	1.57731	peC_pos	-0.0609027	-0.0586795	-0.142636	grip	1670.58	fe	45.3841	102.651	159.419
veC_pos	-0.106447	-0.0349063	-0.0843474	peC_pos	-0.0570488	-0.0595204	-0.135915	grip	1671.59	fe	100.685	101.239	231.412
veC_pos	-1.85406	0.240456	-1.89689	peC_pos	-0.0579746	-0.0598522	-0.135967	grip	1672.54	fe	189.668	88.0822	322.255
veC_pos	-1.76843	0.0914873	-1.97307	peC_pos	-0.0654044	-0.0589209	-0.143642	grip	1673.42	fe	197.87	94.0249	339.027
veC_pos	-1.12311	-0.212296	-1.4685	peC_pos	-0.072294	-0.0587149	-0.151608	grip	1674.23	fe	177.192	108.917	327.251
veC_pos	-0.668424	-0.433236	-1.03422	peC_pos	-0.0766253	-0.0598149	-0.157258	grip	1674.97	fe	161.766	121.85	315.113
veC_pos	-0.439719	-0.595718	-0.926785	peC_pos	-0.0792552	-0.0618522	-0.160912	grip	1675.64	fe	154.789	133.428	315.97
veC_pos	0.599936	-0.898727	-0.478303	peC_pos	-0.0810257	-0.0645716	-0.164037	grip	1676.24	fe	105.822	153.174	298.882
veC_pos	1.62405	-0.840832	0.62365	peC_pos	-0.0784828	-0.0683064	-0.165659	grip	1676.78	fe	50.3957	156.576	246.592
veC_pos	1.99897	-0.486894	1.55234	peC_pos	-0.0719666	-0.0717267	-0.163248	grip	1677.24	fe	20.7572	144.648	196.189
veC_pos	1.75374	-0.0903698	1.85087	peC_pos	-0.0640522	-0.0739682	-0.157117	grip	1677.64	fe	19.7698	128.611	171.042
veC_pos	1.14629	0.299489	1.60132	peC_pos	-0.0571629	-0.0748532	-0.149642	grip	1677.97	fe	38.603	110.627	171.029
veC_pos	-0.136076	0.487706	-0.19417	peC_pos	-0.0528036	-0.0743031	-0.142917	grip	1678.23	fe	95.4203	100.312	249.555
veC_pos	-2.01632	0.956162	-2.04965	peC_pos	-0.0537633	-0.0726013	-0.143366	grip	1678.42	fe	191.053	74.047	343.111
veC_pos	-1.9486	0.893223	-2.16332	peC_pos	-0.0619227	-0.068768	-0.151578	grip	1678.53	fe	201.369	70.7684	362.594
veC_pos	-1.24994	0.592667	-1.65147	peC_pos	-0.0695844	-0.0652744	-0.16038	grip	1678.58	fe	179.301	79.9353	351.786
veC_pos	-0.672233	0.317551	-1.09019	peC_pos	-0.0743553	-0.0630536	-0.167004	grip	1678.56	fe	158.422	89.9619	334.836
veC_pos	-0.353708	0.108125	-0.654098	peC_pos	-0.076837	-0.0619656	-0.171224	grip	1678.48	fe	146.654	98.6015	320.1
veC_pos	-0.201376	-0.0765621	-0.41184	peC_pos	-0.0781522	-0.0617155	-0.173619	grip	1678.32	fe	141.233	107.406	311.98
veC_pos	0.494177	-0.424058	-0.0313924	peC_pos	-0.0789715	-0.0621858	-0.175043	grip	1678.09	fe	107.812	125.556	295.307
veC_pos	1.18885	-0.60102	0.702839	peC_pos	-0.0770181	-0.0639364	-0.175011	grip	1677.79	fe	69.7778	137.323	258.491
veC_pos	1.46361	-0.496407	1.39264	peC_pos	-0.0722874	-0.0663351	-0.172219	grip	1677.43	fe	48.0763	136.092	219.253
veC_pos	1.39422	-0.30555	1.75493	peC_pos	-0.0663515	-0.0684737	-0.166734	grip	1676.99	fe	41.5598	130.107	191.864
veC_pos	1.16113	-0.112418	1.7646	peC_pos	-0.0605118	-0.0700554	-0.159795	grip	1676.49	fe	43.3905	123.068	179.664
veC_pos	0.870253	-0.0333171	1.20314	peC_pos	-0.055459	-0.0709989	-0.152771	grip	1675.91	fe	49.4317	120.654	195.874
veC_pos	-0.421992	0.223515	-0.287876	peC_pos	-0.0516794	-0.0715548	-0.147913	grip	1675.27	fe	107.676	108.698	262.187
veC_pos	-1.314	0.476616	-1.22415	peC_pos	-0.053266	-0.0707293	-0.149021	grip	1674.56	fe	154.897	94.6096	310.753
veC_pos	-1.27892	0.48666	-1.32117	peC_pos	-0.058526	-0.0688098	-0.153981	grip	1673.78	fe	161.906	90.8394	323.788
veC_pos	-0.947208	0.400989	-1.10918	peC_pos	-0.0637262	-0.0669338	-0.159297	grip	1672.93	fe	153.97	91.9262	321.952
veC_pos	-0.671654	0.323834	-0.895204	peC_pos	-0.0676383	-0.0654827	-0.16364	grip	1672.01	fe	146.675	93.2963	318.369
veC_pos	-0.500489	0.250885	-0.797307	peC_pos	-0.0704515	-0.0643914	-0.167027	grip	1671.03	fe	142.751	95.0557	318.973
veC_pos	-0.121898	0.0451404	-0.786381	peC_pos	-0.0725549	-0.0636149	-0.169997	grip	1669.98	fe	127.26	103.978	323.21
veC_pos	0.837267	-0.264132	-0.238585	peC_pos	-0.0730502	-0.0636379	-0.172959	grip	1668.86	fe	80.047	119.409	300.574
veC_pos	1.36201	-0.234058	0.577859	peC_pos	-0.0696349	-0.0647607	-0.173905	grip	1667.67	fe	48.0277	119.702	261.123
veC_pos	1.39698	-0.0603316	1.20068	peC_pos	-0.0642296	-0.0657822	-0.171653	grip	1666.42	fe	37.1843	112.637	226.012
veC_pos	1.07523	0.122033	1.41236	peC_pos	-0.0587323	-0.0662949	-0.166831	grip	1665.09	fe	44.0333	104.286	207.172
veC_pos	0.788127	0.164578	1.23397	peC_pos	-0.0544718	-0.0662541	-0.161037	grip	1663.71	fe	51.2187	101.999	206.22
veC_pos	-1.25376	0.597736	-0.713563	peC_pos	-0.0513957	-0.0661197	-0.155841	grip	1662.25	fe	148.12	80.0208	294.726
veC_pos	-1.86712	0.737217	-1.26963	peC_pos	-0.0564207	-0.0637688	-0.158587	grip	1660.73	fe	187.056	69.0421	326.852
veC_pos	-1.40112	0.499158	-0.990132	peC_pos	-0.0638747	-0.0608428	-0.163783	grip	1659.15	fe	176.033	75.9893	321.247
veC_pos	-0.832932	0.236723	-0.593473	peC_pos	-0.0695591	-0.0589268	-0.167833	grip	1657.5	fe	156.941	85.8349	307.857
veC_pos	-0.43578	0.0544533	-0.310835	peC_pos	-0.0730802	-0.0580934	-0.170176	grip	1655.78	fe	142.794	93.4672	297.317
veC_pos	-0.195489	-0.0700922	-0.233081	peC_pos	-0.0750888	-0.057998	-0.171311	grip	1654	fe	133.971	99.4333	295.003
veC_pos	0.528527	-0.355526	-0.13124	peC_pos	-0.0761592	-0.0583999	-0.172124	grip	1652.16	fe	99.4006	114.262	290.937
veC_pos	1.32751	-0.504497	0.395619	peC_pos	-0.0742255	-0.0598693	-0.172544	grip	1650.25	fe	56.115	124.024	264.959
veC_pos	1.59933	-0.350434	0.908562	peC_pos	-0.0689519	-0.0618864	-0.170988	grip	1648.28	fe	33.6851	119.528	236.407
veC_pos	1.5058	-0.117814	1.19483	peC_pos	-0.0624865	-0.0634002	-0.167398	grip	1646.24	fe	27.5778	110.263	215.836
veC_pos	1.22934	0.104742	1.23937	peC_pos	-0.0562843	-0.0641268	-0.162613	grip	1644.14	fe	31.0725	100.197	205.391
veC_pos	0.99968	0.229962	1.11287	peC_pos	-0.0511021	-0.0640492	-0.157586	grip	1641.98	fe	33.9247	93.6696	203.11
veC_pos	0.252537	0.378986	0.204992	peC_pos	-0.0468862	-0.0634704	-0.153001	grip	1639.76	fe	64.2554	85.1269	240.635
veC_pos	-0.734942	0.628613	-0.776658	peC_pos	-0.0458301	-0.0620729	-0.152075	grip	1637.48	fe	111.793	70.2124	287.853
veC_pos	-1.0071	0.671389	-1.04039	peC_pos	-0.0487615	-0.0595347	-0.155211	grip	1635.13	fe	130.087	63.7779	305.81
veC_pos	-0.837552	0.562242	-0.882729	peC_pos	-0.0528326	-0.0568527	-0.159465	grip	1632.73	fe	128.139	64.7131	304.5
veC_pos	-0.619833	0.439291	-0.667975	peC_pos	-0.0563136	-0.0546691	-0.163025	grip	1630.27	fe	122.798	67.1607	299.172
veC_pos	-0.468544	0.332933	-0.582974	peC_pos	-0.0590107	-0.0530256	-0.165631	grip	1627.74	fe	119.482	69.6654	298.754
veC_pos	-0.159056	0.148357	-0.635331	peC_pos	-0.0611552	-0.0518402	-0.167842	grip	1625.16	fe	107.34	76.8309	304.537
veC_pos	0.669652	-0.139541	-0.302123	peC_pos	-0.0620201	-0.0513937	-0.170244	grip	1622.52	fe	67.1464	90.3645	291.33
veC_pos	1.29066	-0.200618	0.338824	peC_pos	-0.0594189	-0.0520057	-0.171411	grip	1619.83	fe	31.7151	94.2711	260.715
veC_pos	1.50951	-0.10064	0.939995	peC_pos	-0.0542865	-0.0528412	-0.170107	grip	1617.07	fe	12.3099	90.48	228.076
veC_pos	1.39236	0.037758	1.2525	peC_pos	-0.0482554	-0.0533762	-0.166363	grip	1614.26	fe	8.27887	84.2751	205.929
veC_pos	1.07275	0.169429	1.28486	peC_pos	-0.0426315	-0.0534717	-0.161281	grip	1611.39	fe	15.0588	77.6925	195.644
veC_pos	0.617487	0.18913	0.632402	peC_pos	-0.038238	-0.0531023	-0.155959	grip	1608.47	fe	30.6304	75.957	219.236
veC_pos	-1.19333	0.656662	-1.24651	peC_pos	-0.0358009	-0.0525568	-0.153236	grip	1605.49	fe	117.144	51.5466	308.346
veC_pos	-1.83381	0.781556	-1.79583	peC_pos	-0.0405681	-0.0498707	-0.158227	grip	1602.46	fe	156.699	40.8381	343.345
veC_pos	-1.51943	0.499317	-1.46097	peC_pos	-0.0479699	-0.04678	-0.165567	grip	1599.38	fe	152.694	49.853	337.853
veC_pos	-1.11455	0.18484	-1.02374	peC_pos	-0.054354	-0.0449364	-0.171443	grip	1596.24	fe	142.49	62.4872	324.852
veC_pos	-0.851904	-0.0392606	-0.767513	peC_pos	-0.0593766	-0.0443921	-0.175401	grip	1593.05	fe	137.185	72.6819	317.799
veC_pos	0.0099888	-0.464638	-0.538766	peC_pos	-0.0635078	-0.0447247	-0.178276	grip	1589.81	fe	100.466	94.3358	310.364
veC_pos	1.24967	-0.831983	0.505134	peC_pos	-0.0640378	-0.0466713	-0.180229	grip	1586.52	fe	39.1136	115.644	260.681
veC_pos	1.72211	-0.722536	1.34076	peC_pos	-0.0591348	-0.0500307	-0.178265	grip	1583.18	fe	7.51549	115.334	215.187
veC_pos	1.65314	-0.467547	1.62829	peC_pos	-0.0519611	-0.0531183	-0.172934	grip	1579.79	fe	-0.56958	107.293	191.785
veC_pos	1.21818	-0.110868	1.44055	peC_pos	-0.0448153	-0.055303	-0.16632	grip	1576.35	fe	9.73552	92.7201	190.15
veC_pos	-0.650763	0.690544	-0.430302	peC_pos	-0.0393473	-0.0560466	-0.160276	grip	1572.86	fe	94.4259	53.6261	273.606
veC_pos	-1.32171	1.03876	-1.07006	peC_pos	-0.0417258	-0.0532739	-0.161874	grip	1569.32	fe	131.567	31.6658	307.536
veC_pos	-1.10496	0.949379	-0.960039	peC_pos	-0.0469561	-0.0491235	-0.166251	grip	1565.74	fe	128.769	29.4458	308.309
veC_pos	-0.736807	0.775772	-0.721522	peC_pos	-0.0513939	-0.0453825	-0.170203	grip	1562.11	fe	117.123	32.104	301.953
veC_pos	-0.439475	0.619273	-0.558216	peC_pos	-0.0543517	-0.0423647	-0.173128	grip	1558.44	fe	106.678	35.0593	297.72
veC_pos	-0.125192	0.424455	-0.520226	peC_pos	-0.0560864	-0.0399861	-0.17535	grip	1554.73	fe	93.4586	40.9446	298.632
veC_pos	0.866115	-0.0793564	0.0684274	peC_pos	-0.0565151	-0.0383858	-0.177407	grip	1550.96	fe	44.3472	63.5028	271.731
veC_pos	1.37869	-0.275836	0.79106	peC_pos	-0.0529818	-0.0387313	-0.177168	grip	1547.16	fe	13.037	73.7154	234.554
veC_pos	1.4462	-0.309184	1.30792	peC_pos	-0.0475355	-0.0398748	-0.174022	grip	1543.32	fe	1.05224	76.9988	203.176
veC_pos	1.18847	-0.251954	1.41961	peC_pos	-0.0418156	-0.0412328	-0.168685	grip	1539.43	fe	4.94853	76.0728	188.698
veC_pos	0.9348	-0.264842	1.01573	peC_pos	-0.0370016	-0.0424221	-0.162764	grip	1535.51	fe	10.0762	78.3815	199.139
veC_pos	-0.968822	0.459576	-0.935872	peC_pos	-0.0332384	-0.0436452	-0.15844	grip	1531.54	fe	99.347	43.8657	289.451
veC_pos	-1.33485	0.47082	-1.20575	peC_pos	-0.0370342	-0.0417734	-0.16217	grip	1527.54	fe	123.314	40.2694	308.007
veC_pos	-1.04259	0.19483	-0.860827	peC_pos	-0.0423935	-0.0399164	-0.167141	grip	1523.49	fe	116.716	51.0709	297.68
veC_pos	-0.752792	-0.00332443	-0.566309	peC_pos	-0.0467682	-0.0392103	-0.17062	grip	1519.42	fe	108.7	59.7429	287.559
veC_pos	-0.579765	-0.0765658	-0.532526	peC_pos	-0.0501288	-0.0393124	-0.172767	grip	1515.3	fe	104.949	63.3984	288.42
veC_pos	0.82758	-0.622521	0.22722	peC_pos	-0.0528306	-0.0397101	-0.174731	grip	1511.15	fe	38.4559	91.134	252.684
veC_pos	1.69111	-0.688433	1.19512	peC_pos	-0.0495966	-0.0422013	-0.173778	grip	1506.97	fe	-9.8148	98.0176	202.121
veC_pos	1.90476	-0.490228	1.78457	peC_pos	-0.0428172	-0.0450419	-0.169061	grip	1502.75	fe	-30.8947	92.198	164.827
veC_pos	1.59406	-0.134276	1.72165	peC_pos	-0.0351598	-0.0472198	-0.1618	grip	1498.5	fe	-27.0161	77.4726	156.374
veC_pos	-0.342372	1.03004	0.385663	peC_pos	-0.0287772	-0.0480162	-0.154512	grip	1494.22	fe	60.1179	20.2448	211.591
veC_pos	-1.38308	1.56201	-0.82988	peC_pos	-0.0297184	-0.0440083	-0.152361	grip	1489.9	fe	113.431	-12.5323	268.497
veC_pos	-1.09474	1.28157	-0.689534	peC_pos	-0.0350555	-0.0378589	-0.155756	grip	1485.56	fe	106.814	-7.83695	265.862
veC_pos	-0.594485	0.881131	-0.276086	peC_pos	-0.0393948	-0.0328709	-0.158682	grip	1481.19	fe	88.0753	4.63146	248.843
veC_pos	-0.258063	0.574986	-0.0779696	peC_pos	-0.0416661	-0.0294926	-0.159592	grip	1476.79	fe	74.4352	14.8051	239.582
veC_pos	0.145198	0.269246	-0.210757	peC_pos	-0.0424867	-0.0273579	-0.159357	grip	1472.36	fe	55.2958	26.8184	245.169
veC_pos	1.35198	-0.307206	0.855725	peC_pos	-0.0414875	-0.0264529	-0.159644	grip	1467.91	fe	-6.69915	54.1907	191.556
veC_pos	1.90889	-0.49759	2.1381	peC_pos	-0.0358595	-0.0277366	-0.156242	grip	1463.43	fe	-42.9666	65.4699	121.744
veC_pos	1.75053	-0.466622	2.47649	peC_pos	-0.0283041	-0.0298675	-0.147796	grip	1458.93	fe	-46.2331	66.9055	91.7987
veC_pos	1.32461	-0.309314	2.26428	peC_pos	-0.0213393	-0.0319605	-0.137848	grip	1454.4	fe	-35.1946	61.949	87.2717
veC_pos	0.686641	-0.00142652	1.56462	peC_pos	-0.0159228	-0.033454	-0.128547	grip	1449.85	fe	-11.2464	48.5746	108.143
veC_pos	-1.16286	0.875958	-0.962862	peC_pos	-0.0129248	-0.0336684	-0.121782	grip	1445.28	fe	76.8229	4.86229	224.152
veC_pos	-1.4346	0.851894	-1.51	peC_pos	-0.017385	-0.0301315	-0.12549	grip	1440.69	fe	96.7765	0.815357	256.291
veC_pos	-1.08932	0.491058	-1.2019	peC_pos	-0.0230751	-0.0267543	-0.131684	grip	1436.08	fe	87.6039	13.8683	249.204
veC_pos	-0.773853	0.224828	-0.866696	peC_pos	-0.0275244	-0.0248824	-0.136576	grip	1431.45	fe	78.0923	24.3764	238.836
veC_pos	-0.621817	0.119289	-0.796809	peC_pos	-0.0307902	-0.0241054	-0.139973	grip	1426.8	fe	75.0222	28.4291	239.554
veC_pos	-0.211212	-0.0475314	-0.811375	peC_pos	-0.0334665	-0.0237664	-0.143021	grip	1422.14	fe	58.1544	36.1756	243.964
veC_pos	0.83439	-0.458152	0.292413	peC_pos	-0.0343475	-0.0240572	-0.146166	grip	1417.46	fe	6.96659	57.0076	192.564
veC_pos	1.30359	-0.573114	1.36611	peC_pos	-0.0309895	-0.0259049	-0.145049	grip	1412.76	fe	-21.3986	65.2532	136.615
veC_pos	1.25437	-0.481015	1.65012	peC_pos	-0.025766	-0.0282917	-0.139523	grip	1408.05	fe	-26.4385	63.887	113.949
veC_pos	1.00303	-0.269116	1.48834	peC_pos	-0.0206747	-0.0303634	-0.132691	grip	1403.33	fe	-21.138	56.0658	111.793
veC_pos	-0.33523	0.523152	-0.781068	peC_pos	-0.0165297	-0.0315982	-0.126293	grip	1398.6	fe	39.8799	18.0355	215.687
veC_pos	-1.22733	0.966187	-2.09909	peC_pos	-0.0178244	-0.0294508	-0.129213	grip	1393.86	fe	86.2112	-7.25916	285.059
veC_pos	-0.946221	0.592629	-1.80396	peC_pos	-0.0226408	-0.0255948	-0.137768	grip	1389.1	fe	78.7615	5.92226	281.571
veC_pos	-0.623093	0.237858	-1.266	peC_pos	-0.0264129	-0.0233275	-0.145096	grip	1384.34	fe	67.7191	20.4002	264.162
veC_pos	-0.43169	0.0502783	-0.9266	peC_pos	-0.0289604	-0.0225211	-0.150083	grip	1379.57	fe	61.5373	28.5554	253.38
veC_pos	1.39557	-0.97164	1.74261	peC_pos	-0.0307638	-0.022481	-0.153561	grip	1374.79	fe	-27.4848	79.4886	123.984
veC_pos	1.58243	-0.939237	2.71411	peC_pos	-0.025147	-0.0264825	-0.146709	grip	1370.01	fe	-44.6699	83.2431	65.2866
veC_pos	1.3185	-0.658266	2.73004	peC_pos	-0.0187938	-0.0304809	-0.13589	grip	1365.22	fe	-40.2674	74.5264	49.017
veC_pos	-0.606295	0.929596	0.490751	peC_pos	-0.0134703	-0.033389	-0.124792	grip	1360.43	fe	48.6402	-1.05641	145.234
veC_pos	-1.41954	1.44065	-1.02638	peC_pos	-0.0154075	-0.0297618	-0.122082	grip	1355.63	fe	91.8638	-31.6865	216.817
veC_pos	-0.890693	0.884121	-0.781233	peC_pos	-0.0207377	-0.0241087	-0.126306	grip	1350.84	fe	72.548	-11.6392	209.681
veC_pos	-0.353034	0.313901	-0.302164	peC_pos	-0.0243	-0.020725	-0.129624	grip	1346.04	fe	50.3605	12.2016	189.588
veC_pos	0.0841295	-0.144367	0.204195	peC_pos	-0.0258915	-0.0196278	-0.130608	grip	1341.24	fe	30.5203	33.5439	164.967
veC_pos	1.34428	-1.08201	2.54913	peC_pos	-0.0257845	-0.0203283	-0.129022	grip	1336.45	fe	-32.7543	81.2681	44.9742
veC_pos	2.1001	-1.2324	4.10501	peC_pos	-0.0203919	-0.0246504	-0.11779	grip	1331.65	fe	-77.8503	94.4456	-48.3954
veC_pos	1.85621	-0.707325	4.03541	peC_pos	-0.0117956	-0.0297408	-0.101407	grip	1326.86	fe	-77.1596	74.8282	-67.2175
veC_pos	1.28514	-0.136378	3.40258	peC_pos	-0.00423802	-0.0327909	-0.0855655	grip	1322.07	fe	-58.6541	50.1708	-57.005
veC_pos	0.550325	0.453324	2.29197	peC_pos	0.00106558	-0.0335729	-0.0720378	grip	1317.29	fe	-28.9199	21.5592	-19.7035
veC_pos	-1.28497	1.65574	-0.555102	peC_pos	0.00349771	-0.0319674	-0.0624791	grip	1312.52	fe	59.6579	-40.8293	109.76
veC_pos	-1.49569	1.52851	-1.3451	peC_pos	-0.0013309	-0.0253759	-0.0644383	grip	1307.75	fe	76.5251	-43.24	151.524
veC_pos	-1.14904	1.0398	-1.38956	peC_pos	-0.00713911	-0.0193065	-0.0699206	grip	1302.99	fe	66.7543	-26.8341	160.584
veC_pos	-0.760763	0.618428	-1.34196	peC_pos	-0.0116963	-0.015207	-0.0756284	grip	1298.24	fe	53.2227	-11.179	165.282
veC_pos	-0.442039	0.325494	-1.38281	peC_pos	-0.0147426	-0.0128059	-0.081032	grip	1293.5	fe	41.1714	0.289628	173.955
veC_pos	-0.201092	0.170164	-1.63137	peC_pos	-0.0164773	-0.0115894	-0.0864699	grip	1288.77	fe	31.2901	6.42781	193.008
veC_pos	0.686394	-0.343691	-0.77818	peC_pos	-0.0171288	-0.0110038	-0.0928714	grip	1284.05	fe	-12.3255	31.314	158.161
veC_pos	1.26323	-0.721359	0.57687	peC_pos	-0.0143336	-0.0123823	-0.0960592	grip	1279.35	fe	-44.8237	51.9092	94.0494
veC_pos	1.12829	-0.671495	0.892858	peC_pos	-0.00948474	-0.0153496	-0.0938072	grip	1274.65	fe	-44.3247	53.1402	74.9289
veC_pos	0.846138	-0.541207	0.893556	peC_pos	-0.00526819	-0.0181715	-0.0901475	grip	1269.98	fe	-35.6164	50.1378	69.8077
veC_pos	-0.494328	0.478838	-1.8262	peC_pos	-0.00223231	-0.0205139	-0.0862934	grip	1265.32	fe	27.541	2.01481	200.499
veC_pos	-1.27425	0.865941	-3.13304	peC_pos	-0.00444684	-0.0185307	-0.0934939	grip	1260.68	fe	69.3187	-19.9359	274.517
veC_pos	-0.961281	0.326341	-2.64549	peC_pos	-0.00940858	-0.0150597	-0.106212	grip	1256.05	fe	59.8817	2.5987	265.683
veC_pos	-0.640239	-0.154357	-2.0482	peC_pos	-0.013124	-0.0138283	-0.116831	grip	1251.45	fe	48.4359	25.0232	248.618
veC_pos	-0.494934	-0.441812	-1.56229	peC_pos	-0.0156989	-0.0145574	-0.124854	grip	1246.86	fe	44.3211	40.2416	233.79
veC_pos	0.925576	-1.70687	1.90241	peC_pos	-0.0179139	-0.0164483	-0.130804	grip	1242.3	fe	-24.0243	105.777	67.377
veC_pos	1.44937	-1.69383	3.0353	peC_pos	-0.0140943	-0.0233448	-0.123317	grip	1237.75	fe	-55.0231	113.587	0.870784
veC_pos	1.34058	-1.2479	2.94326	peC_pos	-0.00777687	-0.0304045	-0.111256	grip	1233.23	fe	-57.4383	99.8909	-9.95821
veC_pos	0.638171	-0.250221	2.05626	peC_pos	-0.0017896	-0.0357328	-0.0993771	grip	1228.74	fe	-29.7096	56.4173	19.2952
veC_pos	-1.57173	1.61331	-1.33526	peC_pos	0.00165963	-0.0370515	-0.090338	grip	1224.27	fe	76.5547	-35.3047	177.361
veC_pos	-1.3887	1.27102	-1.26699	peC_pos	-0.00404094	-0.0307279	-0.0957372	grip	1219.82	fe	74.3644	-26.0687	180.131
veC_pos	-0.997066	0.825282	-0.794309	peC_pos	-0.00959332	-0.0258068	-0.101016	grip	1215.4	fe	61.513	-9.89857	162.49
veC_pos	-0.637862	0.529662	-0.422398	peC_pos	-0.0137079	-0.0226633	-0.103835	grip	1211.01	fe	48.4934	0.962251	146.865
veC_pos	0.132427	-0.0185272	0.642977	peC_pos	-0.016229	-0.0206678	-0.104601	grip	1206.64	fe	12.9613	25.8651	94.0671
veC_pos	1.7148	-0.852563	3.31579	peC_pos	-0.0151655	-0.020769	-0.10037	grip	1202.31	fe	-67.5066	67.5989	-45.1142
veC_pos	1.62861	-0.378101	3.37664	peC_pos	-0.00758664	-0.0243586	-0.0870566	grip	1198	fe	-72.3419	48.0867	-64.5378
veC_pos	1.18355	0.12205	2.79396	peC_pos	-0.000936356	-0.0260755	-0.0739121	grip	1193.73	fe	-58.0595	25.0246	-51.4669
veC_pos	0.60594	0.593332	1.81536	peC_pos	0.00353681	-0.025773	-0.0629104	grip	1189.49	fe	-34.504	0.990087	-15.937
veC_pos	-0.765847	1.50712	0.119221	peC_pos	0.00550425	-0.0235919	-0.0553686	grip	1185.28	fe	31.7683	-47.3931	59.6662
veC_pos	-1.72116	1.97372	-1.62059	peC_pos	0.00233883	-0.0177233	-0.0540592	grip	1181.1	fe	83.2958	-77.7528	144.879
veC_pos	-1.45653	1.40347	-1.85396	peC_pos	-0.00435036	-0.00994878	-0.0603474	grip	1176.96	fe	77.9467	-58.4642	163.725
veC_pos	-0.978521	0.691949	-1.63923	peC_pos	-0.0100456	-0.00445672	-0.0679826	grip	1172.86	fe	60.7081	-29.3704	161.696
veC_pos	-0.624433	0.137629	-1.35377	peC_pos	-0.0139431	-0.00182574	-0.0746264	grip	1168.79	fe	47.5182	-4.74756	154.911
veC_pos	-0.406681	-0.19928	-1.23691	peC_pos	-0.0165368	-0.00142248	-0.0798082	grip	1164.76	fe	39.5954	11.6209	154.803
veC_pos	-0.125243	-0.308064	-1.66663	peC_pos	-0.0183476	-0.00237093	-0.0842356	grip	1160.77	fe	27.5594	18.1553	181.109
veC_pos	1.11542	-1.08689	0.113902	peC_pos	-0.0188614	-0.00371725	-0.0905879	grip	1156.81	fe	-33.952	58.6447	99.0979
veC_pos	1.3711	-1.19297	1.07351	peC_pos	-0.0143711	-0.00810484	-0.0902062	grip	1152.9	fe	-51.9866	68.9927	50.3229
veC_pos	1.16818	-0.994566	1.11276	peC_pos	-0.00888708	-0.0130291	-0.0859922	grip	1149.02	fe	-48.1975	64.6989	43.1686
veC_pos	0.921621	-0.719395	0.855678	peC_pos	-0.00417636	-0.017208	-0.0814494	grip	1145.19	fe	-41.2983	55.6762	50.491
veC_pos	0.528837	-0.180521	-0.322007	peC_pos	-0.000441572	-0.0203131	-0.0777089	grip	1141.4	fe	-25.9378	32.2113	104.797
veC_pos	-0.969667	1.19212	-3.6846	peC_pos	0.00151959	-0.0211989	-0.0784813	grip	1137.65	fe	46.7546	-35.4893	273.514
veC_pos	-1.16152	1.21354	-4.25622	peC_pos	-0.00233962	-0.0163284	-0.093251	grip	1133.94	fe	60.7292	-42.1616	318.553
veC_pos	-0.82792	0.698883	-3.7447	peC_pos	-0.00677927	-0.0115128	-0.110445	grip	1130.28	fe	49.0585	-21.9314	312.069
veC_pos	-0.548303	0.271133	-3.15813	peC_pos	-0.00989641	-0.0088691	-0.125332	grip	1126.67	fe	38.5651	-3.56412	299.114
veC_pos	-0.430458	0.0662958	-2.81845	peC_pos	-0.0119755	-0.00798267	-0.137648	grip	1123.1	fe	34.9725	5.65055	295.515
veC_pos	0.891314	-1.07373	-0.226907	peC_pos	-0.0136636	-0.00792336	-0.148539	grip	1119.58	fe	-29.2682	62.5574	177.646
veC_pos	1.06608	-1.32938	1.24324	peC_pos	-0.010121	-0.0122848	-0.149509	grip	1116.1	fe	-42.0078	80.18	104.705
veC_pos	0.828517	-1.19893	1.56674	peC_pos	-0.00588895	-0.0178681	-0.144427	grip	1112.68	fe	-34.8734	79.8278	82.3635
veC_pos	-0.783735	0.500059	-0.340664	peC_pos	-0.00255267	-0.0230214	-0.137832	grip	1109.3	fe	42.0184	0.534704	169.93
veC_pos	-1.78001	1.41948	-2.141	peC_pos	-0.00519666	-0.021268	-0.13805	grip	1105.97	fe	94.748	-47.4524	259.73
veC_pos	-1.29922	0.827024	-1.67004	peC_pos	-0.011875	-0.015708	-0.146678	grip	1102.69	fe	78.0554	-24.0301	245.243
veC_pos	-0.769112	0.23409	-1.01125	peC_pos	-0.017064	-0.0125416	-0.153568	grip	1099.47	fe	57.2169	2.08458	219.405
veC_pos	-0.33713	-0.182805	-0.505533	peC_pos	-0.0203655	-0.0117752	-0.157278	grip	1096.29	fe	39.183	22.0494	197.699
veC_pos	0.354666	-0.832476	0.677853	peC_pos	-0.0219882	-0.0126696	-0.158395	grip	1093.17	fe	6.3035	55.4738	139.259
veC_pos	1.58824	-1.7385	3.36218	peC_pos	-0.020657	-0.01609	-0.154148	grip	1090.1	fe	-56.8939	104.465	-0.0724875
veC_pos	1.5509	-1.25186	3.61053	peC_pos	-0.0138881	-0.0232002	-0.140522	grip	1087.08	fe	-62.4475	87.8133	-27.7678
veC_pos	1.1633	-0.615467	3.11188	peC_pos	-0.00745911	-0.0284036	-0.126425	grip	1084.12	fe	-50.0783	61.5663	-18.5339
veC_pos	0.626682	0.0629137	2.13763	peC_pos	-0.0027337	-0.0310795	-0.11422	grip	1081.21	fe	-28.3784	30.4579	16.6143
veC_pos	-1.03042	1.60758	-0.574556	peC_pos	-0.000256333	-0.0310629	-0.10551	grip	1078.36	fe	51.7973	-46.8817	142.505
veC_pos	-1.36089	1.66492	-1.48112	peC_pos	-0.00420299	-0.0247312	-0.10751	grip	1075.57	fe	72.565	-56.6458	189.69
veC_pos	-1.11127	1.17881	-1.50771	peC_pos	-0.00950423	-0.0181477	-0.113511	grip	1072.83	fe	65.76	-39.4711	197.163
veC_pos	-0.790205	0.715285	-1.38319	peC_pos	-0.0138994	-0.0135068	-0.119684	grip	1070.15	fe	54.3846	-21.31	197.239
veC_pos	-0.521295	0.406174	-1.3634	peC_pos	-0.0170606	-0.0107281	-0.125215	grip	1067.52	fe	44.2774	-8.85622	201.84
veC_pos	-0.247063	0.232736	-1.54434	peC_pos	-0.0191431	-0.0091991	-0.130504	grip	1064.96	fe	32.7397	-1.84014	216.198
veC_pos	0.33997	-0.0899679	-1.32778	peC_pos	-0.0200414	-0.00837007	-0.136463	grip	1062.45	fe	4.29448	13.3912	211.374
veC_pos	1.01117	-0.576505	-0.243106	peC_pos	-0.0185362	-0.00875507	-0.141733	grip	1060	fe	-30.9099	38.1056	162.392
veC_pos	1.15434	-0.727057	0.494247	peC_pos	-0.0145935	-0.0110664	-0.142786	grip	1057.62	fe	-42.2827	48.0568	126.3
veC_pos	0.991245	-0.629796	0.647171	peC_pos	-0.0103084	-0.0140643	-0.140832	grip	1055.29	fe	-38.6839	46.3317	116.26
veC_pos	0.722934	-0.33049	0.246167	peC_pos	-0.0068303	-0.016747	-0.138138	grip	1053.02	fe	-28.9542	34.1595	133.154
veC_pos	-0.00967947	0.630121	-2.13639	peC_pos	-0.00464756	-0.0182834	-0.13687	grip	1050.82	fe	5.36772	-12.2936	250.645
veC_pos	-0.599753	1.27765	-3.80517	peC_pos	-0.00519704	-0.0157514	-0.145363	grip	1048.68	fe	35.4377	-47.3645	342.697
veC_pos	-0.402933	0.87688	-3.5195	peC_pos	-0.00742231	-0.0106134	-0.160753	grip	1046.59	fe	27.9148	-32.7361	344.219
veC_pos	-0.161688	0.379982	-2.87386	peC_pos	-0.00859902	-0.00719528	-0.174807	grip	1044.58	fe	17.0667	-11.4831	326.292
veC_pos	-0.0624733	0.0553396	-2.38926	peC_pos	-0.0088185	-0.00584335	-0.186026	grip	1042.62	fe	12.318	3.32543	313.418
veC_pos	-0.259359	0.0841238	-2.55096	peC_pos	-0.00877929	-0.00582314	-0.195196	grip	1040.73	fe	22.1048	1.85414	330.695
veC_pos	0.263159	-0.78355	-0.881652	peC_pos	-0.00968918	-0.00569135	-0.205204	grip	1038.9	fe	-3.09182	45.0903	257.27
veC_pos	0.814551	-1.48998	1.22159	peC_pos	-0.00861889	-0.00882596	-0.208738	grip	1037.14	fe	-31.7886	83.653	155.411
veC_pos	0.87144	-1.56784	1.91244	peC_pos	-0.00529839	-0.0150187	-0.203663	grip	1035.44	fe	-38.0858	93.9433	115.259
veC_pos	0.766241	-1.33314	1.88621	peC_pos	-0.00166756	-0.0216418	-0.195802	grip	1033.81	fe	-36.5881	89.0304	108.111
veC_pos	-0.908825	0.784855	-1.58276	peC_pos	0.00154169	-0.027352	-0.18801	grip	1032.24	fe	43.8499	-11.0088	273.21
veC_pos	-0.832709	0.810464	-1.9242	peC_pos	-0.00181376	-0.0242947	-0.194197	grip	1030.74	fe	43.5049	-15.4816	296.377
veC_pos	-0.394944	0.377596	-1.34865	peC_pos	-0.00507009	-0.0211235	-0.202075	grip	1029.31	fe	24.9658	2.86279	275.429
veC_pos	-0.0946529	0.113308	-0.840244	peC_pos	-0.00677547	-0.0197502	-0.207309	grip	1027.94	fe	11.6974	14.6365	255.113
veC_pos	0.11166	0.208395	-1.08152	peC_pos	-0.00731455	-0.0194969	-0.210062	grip	1026.63	fe	1.92635	9.59645	269.733
veC_pos	1.12615	-0.641947	1.03233	peC_pos	-0.00674114	-0.0189393	-0.213583	grip	1025.4	fe	-49.3951	51.5177	167.391
veC_pos	1.14232	-0.63675	2.07263	peC_pos	-0.00194248	-0.0215776	-0.209428	grip	1024.23	fe	-55.1262	53.9379	110.871
veC_pos	0.805823	-0.305332	2.09192	peC_pos	0.00266504	-0.0242376	-0.201388	grip	1023.13	fe	-43.0178	40.0648	101.45
veC_pos	0.425788	0.0781606	1.75603	peC_pos	0.00569151	-0.0255889	-0.193259	grip	1022.09	fe	-27.1067	22.2462	109.727
veC_pos	-0.105031	0.665091	0.742348	peC_pos	0.00696948	-0.0254424	-0.186355	grip	1021.13	fe	-1.86518	-7.27459	153.175
veC_pos	-1.04604	1.79745	-1.63569	peC_pos	0.0059741	-0.0229449	-0.183284	grip	1020.23	fe	46.2071	-66.4634	268.777
veC_pos	-0.772557	1.46383	-1.75666	peC_pos	0.00168885	-0.0157648	-0.189867	grip	1019.4	fe	36.9062	-57.1209	281.384
veC_pos	-0.340019	0.869706	-1.36886	peC_pos	-0.00125632	-0.0099524	-0.197024	grip	1018.64	fe	18.2807	-33.3474	269.14
veC_pos	-0.05855	0.397273	-1.04933	peC_pos	-0.00246412	-0.00659018	-0.202498	grip	1017.95	fe	5.43585	-13.1552	258.599
veC_pos	0.0746682	0.12178	-1.04783	peC_pos	-0.00265968	-0.00518669	-0.206553	grip	1017.33	fe	-1.02765	-0.812432	262.523
veC_pos	0.459738	-0.260973	-0.977607	peC_pos	-0.00245683	-0.0049379	-0.21055	grip	1016.77	fe	-20.4889	18.0694	262.962
veC_pos	0.980052	-0.914898	0.21152	peC_pos	-0.000683106	-0.00616759	-0.214286	grip	1016.29	fe	-48.3084	52.013	207.2
veC_pos	1.03166	-1.20842	1.3