veC_pos	0.0130691	0.315393	-0.501588	peC_pos	0	0.00129465	-0.00060514	grip	591.931	fe	-0.653455	-16.536	25.4376
veC_pos	-0.0359841	0.181738	-0.489276	peC_pos	-1.84123e-06	0.00264543	-0.00279704	grip	593.286	fe	1.8003	-10.6564	26.1233
veC_pos	-0.0508978	0.121974	-0.489789	peC_pos	-0.000196878	0.00348715	-0.00492873	grip	594.631	fe	2.66196	-8.17226	27.4202
veC_pos	-0.0803169	0.0900718	-0.482227	peC_pos	-0.000447866	0.0041002	-0.00705093	grip	595.968	fe	4.28276	-6.94718	28.3135
veC_pos	-0.125142	0.0828712	-0.467165	peC_pos	-0.000814497	0.00458338	-0.00913485	grip	597.296	fe	6.74358	-6.88119	28.8145
veC_pos	-0.184649	0.11539	-0.448679	peC_pos	-0.00136058	0.00502468	-0.0111538	grip	598.614	fe	10.0469	-8.77734	29.1108
veC_pos	-0.240549	0.0896876	-0.431894	peC_pos	-0.00214654	0.00557218	-0.0130944	grip	599.923	fe	13.3152	-7.82726	29.4503
veC_pos	-0.297906	0.116313	-0.412299	peC_pos	-0.00316106	0.00598471	-0.0149773	grip	601.222	fe	16.7958	-9.41377	29.6196
veC_pos	-0.352767	0.171841	-0.400568	peC_pos	-0.00441028	0.00645895	-0.0167973	grip	602.512	fe	20.2956	-12.4836	30.1489
veC_pos	-0.40003	0.228347	-0.399725	peC_pos	-0.00588229	0.00709783	-0.0185901	grip	603.792	fe	23.5532	-15.703	31.2108
veC_pos	-0.466417	0.288128	-0.390273	peC_pos	-0.00754298	0.00789754	-0.0204013	grip	605.063	fe	27.8848	-19.1849	31.8577
veC_pos	-0.481112	0.303786	-0.41652	peC_pos	-0.0094618	0.00886489	-0.0222005	grip	606.324	fe	29.7925	-20.5643	34.2867
veC_pos	-0.4754	0.282428	-0.456484	peC_pos	-0.0114281	0.00983796	-0.0241239	grip	607.575	fe	30.7135	-20.0987	37.4813
veC_pos	-0.456199	0.243102	-0.496189	peC_pos	-0.0133621	0.0106975	-0.0262154	grip	608.816	fe	30.945	-18.6679	40.7698
veC_pos	-0.420508	0.155818	-0.55414	peC_pos	-0.0152153	0.011409	-0.0284578	grip	610.048	fe	30.3074	-14.7509	45.0676
veC_pos	-0.394301	0.123618	-0.571161	peC_pos	-0.0169347	0.0118222	-0.0309131	grip	611.269	fe	30.0667	-13.4075	47.4543
veC_pos	-0.367254	0.0903288	-0.568777	peC_pos	-0.0185637	0.0121846	-0.0334043	grip	612.48	fe	29.7326	-11.9793	48.8983
veC_pos	-0.340006	0.0455873	-0.550188	peC_pos	-0.0201012	0.0125021	-0.0358518	grip	613.682	fe	29.336	-9.95166	49.511
veC_pos	-0.32937	0.0647574	-0.496977	peC_pos	-0.0215452	0.0127248	-0.0381982	grip	614.873	fe	29.716	-11.062	48.3359
veC_pos	-0.318308	0.0352637	-0.460755	peC_pos	-0.0229466	0.0130834	-0.0403099	grip	616.053	fe	30.0517	-9.82326	47.8708
veC_pos	-0.322689	0.0211478	-0.428146	peC_pos	-0.024298	0.0133647	-0.0422677	grip	617.224	fe	31.1318	-9.30639	47.496
veC_pos	-0.34736	0.00269817	-0.418797	peC_pos	-0.0256575	0.0136119	-0.0440928	grip	618.384	fe	33.2342	-8.55232	48.2061
veC_pos	-0.388051	-0.00827457	-0.429906	peC_pos	-0.0271088	0.0137981	-0.0458828	grip	619.533	fe	36.1974	-8.13464	49.9213
veC_pos	-0.43362	0.0467463	-0.435846	peC_pos	-0.0287263	0.0139471	-0.047721	grip	620.673	fe	39.5106	-10.9939	51.4114
veC_pos	-0.472888	0.1172	-0.447497	peC_pos	-0.0305371	0.0143117	-0.0495775	grip	621.801	fe	42.6324	-14.7591	53.2022
veC_pos	-0.488885	0.225051	-0.43351	peC_pos	-0.0325217	0.0149396	-0.0514707	grip	622.919	fe	44.7026	-20.5587	53.7376
veC_pos	-0.482981	0.285075	-0.420329	peC_pos	-0.034579	0.0159582	-0.0532953	grip	624.026	fe	45.7273	-24.2121	54.2741
veC_pos	-0.453326	0.317487	-0.415348	peC_pos	-0.036608	0.0171591	-0.0550679	grip	625.123	fe	45.5508	-26.6009	55.1916
veC_pos	-0.404981	0.335956	-0.408592	peC_pos	-0.0385009	0.0184254	-0.0568361	grip	626.208	fe	44.3586	-28.3359	56.0209
veC_pos	-0.343835	0.344569	-0.389578	peC_pos	-0.040174	0.0197129	-0.0585991	grip	627.283	fe	42.3922	-29.594	56.2371
veC_pos	-0.265305	0.281266	-0.413656	peC_pos	-0.0415745	0.021008	-0.0603024	grip	628.347	fe	39.3885	-27.2636	58.5737
veC_pos	-0.199894	0.256067	-0.394375	peC_pos	-0.0426588	0.022055	-0.0621055	grip	629.4	fe	36.8441	-26.6848	58.8079
veC_pos	-0.137178	0.22759	-0.348042	peC_pos	-0.0434945	0.0230286	-0.0638177	grip	630.442	fe	34.2796	-25.8977	57.6354
veC_pos	-0.0799314	0.18121	-0.292499	peC_pos	-0.0441068	0.0239287	-0.0653172	grip	631.472	fe	31.8488	-24.1708	55.8709
veC_pos	-0.0373598	0.13902	-0.216021	peC_pos	-0.0445263	0.0246826	-0.0665648	grip	632.492	fe	30.0305	-22.5626	52.9027
veC_pos	-0.00856372	0.127992	-0.095888	peC_pos	-0.0448043	0.0252944	-0.0674847	grip	633.5	fe	28.8117	-22.4236	47.546
veC_pos	0.0197701	0.102085	0.010014	peC_pos	-0.044969	0.0258699	-0.067913	grip	634.497	fe	27.5442	-21.5186	42.5899
veC_pos	0.0368148	0.0823332	0.0908158	peC_pos	-0.0450048	0.02634	-0.0679185	grip	635.483	fe	26.759	-20.8553	38.6203
veC_pos	0.0405101	0.0886869	0.151871	peC_pos	-0.0449472	0.0267305	-0.0676087	grip	636.457	fe	26.5815	-21.4472	35.4365
veC_pos	0.0346008	0.113833	0.185899	peC_pos	-0.0448474	0.0271538	-0.0670615	grip	637.42	fe	26.8566	-23.0001	33.4514
veC_pos	0.0180343	0.133739	0.17157	peC_pos	-0.0447507	0.0276936	-0.0663792	grip	638.372	fe	27.6659	-24.3658	33.7961
veC_pos	-0.000288456	0.178809	0.125013	peC_pos	-0.0447134	0.0283317	-0.065753	grip	639.312	fe	28.6003	-27.0532	35.786
veC_pos	-0.00839073	0.256576	0.0858128	peC_pos	-0.0447588	0.0291572	-0.0653093	grip	640.24	fe	29.0759	-31.4964	37.523
veC_pos	-0.0030386	0.326925	0.0423448	peC_pos	-0.0448539	0.0302812	-0.0650153	grip	641.157	fe	28.9103	-35.7612	39.5677
veC_pos	0.0317969	0.420036	0.0607965	peC_pos	-0.0449492	0.0316544	-0.0648901	grip	642.062	fe	27.2703	-41.3259	38.6236
veC_pos	0.0786385	0.458548	0.077456	peC_pos	-0.0449151	0.0333584	-0.0646849	grip	642.955	fe	24.9464	-44.3754	37.7166
veC_pos	0.134329	0.474587	0.0843925	peC_pos	-0.0446938	0.0351804	-0.0644149	grip	643.836	fe	22.059	-46.3798	37.253
veC_pos	0.184334	0.469622	0.0707513	peC_pos	-0.0442462	0.0370494	-0.0641211	grip	644.706	fe	19.3091	-47.3671	37.8017
veC_pos	0.216522	0.441447	0.00846115	peC_pos	-0.0436004	0.0389067	-0.0638824	grip	645.564	fe	17.3208	-47.1891	40.8171
veC_pos	0.229083	0.459128	0.0215676	peC_pos	-0.0428439	0.0406763	-0.063889	grip	646.409	fe	16.2405	-49.2499	40.2201
veC_pos	0.232957	0.454821	0.045612	peC_pos	-0.0420509	0.0425541	-0.0638331	grip	647.243	fe	15.5693	-50.2839	39.035
veC_pos	0.223282	0.433221	0.0607963	peC_pos	-0.041258	0.0444478	-0.0636696	grip	648.065	fe	15.5738	-50.4661	38.2222
veC_pos	0.202884	0.431091	0.115582	peC_pos	-0.0405189	0.0462691	-0.0634384	grip	648.875	fe	16.1475	-51.5774	35.3845
veC_pos	0.181632	0.423942	0.179873	peC_pos	-0.0398636	0.0480796	-0.062985	grip	649.672	fe	16.8167	-52.4331	31.926
veC_pos	0.163921	0.408883	0.210151	peC_pos	-0.0392801	0.0498359	-0.0622789	grip	650.458	fe	17.354	-52.8603	30.0022
veC_pos	0.144719	0.404743	0.217657	peC_pos	-0.0387493	0.051497	-0.0614607	grip	651.231	fe	17.9989	-53.7736	29.1422
veC_pos	0.128355	0.410263	0.205318	peC_pos	-0.0382743	0.0531086	-0.060623	grip	651.992	fe	18.5368	-55.1396	29.2598
veC_pos	0.106966	0.387033	0.116378	peC_pos	-0.037844	0.0547187	-0.0598439	grip	652.741	fe	19.354	-55.0688	33.2437
veC_pos	0.0973986	0.401803	0.0509382	peC_pos	-0.0374877	0.0562179	-0.0594312	grip	653.477	fe	19.6274	-56.8273	36.29
veC_pos	0.10672	0.425967	0.00285522	peC_pos	-0.0371599	0.0577689	-0.0592874	grip	654.201	fe	18.9741	-59.0908	38.6431
veC_pos	0.12774	0.435409	-0.0500606	peC_pos	-0.0367903	0.0594154	-0.0593385	grip	654.913	fe	17.7075	-60.6824	41.3646
veC_pos	0.161881	0.44575	-0.0836713	peC_pos	-0.0363401	0.0610989	-0.0596007	grip	655.612	fe	15.731	-62.3447	43.2585
veC_pos	0.216222	0.474338	-0.0539291	peC_pos	-0.035762	0.0628238	-0.0599934	grip	656.299	fe	12.6595	-64.9481	42.0701
veC_pos	0.269575	0.478876	-0.0246971	peC_pos	-0.0349734	0.0646702	-0.0602578	grip	656.973	fe	9.49789	-66.4304	40.8226
veC_pos	0.308519	0.4696	-0.0196503	peC_pos	-0.0339793	0.0665514	-0.0603959	grip	657.635	fe	6.92001	-67.2465	40.701
veC_pos	0.327744	0.461905	-0.0319343	peC_pos	-0.032839	0.0684234	-0.0605068	grip	658.284	fe	5.23018	-68.1373	41.4274
veC_pos	0.327283	0.461138	-0.0510478	peC_pos	-0.0316316	0.0703029	-0.0606621	grip	658.92	fe	4.47857	-69.3809	42.5239
veC_pos	0.297929	0.443168	-0.129906	peC_pos	-0.0304348	0.0722233	-0.0608912	grip	659.544	fe	5.17662	-69.7929	46.6557
veC_pos	0.258153	0.450524	-0.16722	peC_pos	-0.0293682	0.0741065	-0.0614348	grip	660.155	fe	6.47987	-71.448	48.9175
veC_pos	0.220953	0.475807	-0.1648	peC_pos	-0.0284669	0.0760384	-0.0621303	grip	660.754	fe	7.76195	-74.033	49.2928
veC_pos	0.184646	0.485547	-0.163072	peC_pos	-0.0277152	0.0780822	-0.0628202	grip	661.339	fe	9.0968	-75.9162	49.6991
veC_pos	0.164224	0.511023	-0.0995337	peC_pos	-0.0271073	0.0801575	-0.0635093	grip	661.912	fe	9.73147	-78.6084	47.0143
veC_pos	0.170506	0.530459	0.0280638	peC_pos	-0.0265727	0.0823196	-0.0639514	grip	662.472	fe	9.07835	-81.0574	40.9628
veC_pos	0.202948	0.51163	0.105823	peC_pos	-0.0259952	0.0845286	-0.0638944	grip	663.019	fe	7.08796	-81.6256	37.0721
veC_pos	0.248562	0.480015	0.14504	peC_pos	-0.0252754	0.0866257	-0.0635353	grip	663.553	fe	4.34348	-81.4815	34.907
veC_pos	0.307955	0.450299	0.188945	peC_pos	-0.0243654	0.0885653	-0.0630217	grip	664.075	fe	0.782681	-81.3289	32.4039
veC_pos	0.362335	0.373033	0.111026	peC_pos	-0.023211	0.0903675	-0.0623288	grip	664.583	fe	-2.69109	-78.7083	35.8714
veC_pos	0.409549	0.323028	0.0505192	peC_pos	-0.0218411	0.091852	-0.0619331	grip	665.078	fe	-5.95142	-77.2402	38.6644
veC_pos	0.453629	0.276178	0.0333455	peC_pos	-0.0202822	0.0931386	-0.0617625	grip	665.561	fe	-9.18242	-75.7983	39.4394
veC_pos	0.492104	0.222045	0.0290342	peC_pos	-0.018543	0.0942408	-0.0616483	grip	666.03	fe	-12.255	-73.8695	39.6079
veC_pos	0.518841	0.176765	0.0357601	peC_pos	-0.0166446	0.0951247	-0.0615456	grip	666.486	fe	-14.8487	-72.2376	39.2313
veC_pos	0.547672	0.169497	0.121206	peC_pos	-0.0146348	0.095818	-0.061416	grip	666.93	fe	-17.6232	-72.3787	34.8998
veC_pos	0.559662	0.167445	0.189101	peC_pos	-0.0125012	0.096473	-0.0609456	grip	667.36	fe	-19.6403	-72.7544	31.2176
veC_pos	0.545259	0.184007	0.213153	peC_pos	-0.0103153	0.0971128	-0.0602029	grip	667.777	fe	-20.3746	-74.05	29.5445
veC_pos	0.507233	0.226079	0.202997	peC_pos	-0.0081902	0.0978164	-0.059361	grip	668.181	fe	-19.8891	-76.663	29.514
veC_pos	0.455437	0.290566	0.174801	peC_pos	-0.00622625	0.0986926	-0.0585568	grip	668.571	fe	-18.6092	-80.5114	30.4093
veC_pos	0.398913	0.363611	0.135175	peC_pos	-0.00448019	0.0998372	-0.0578677	grip	668.949	fe	-16.9486	-84.9665	31.9518
veC_pos	0.335485	0.419775	0.032648	peC_pos	-0.00296867	0.101286	-0.0573505	grip	669.313	fe	-14.7873	-88.781	36.753
veC_pos	0.284424	0.480892	-0.0565486	peC_pos	-0.00171868	0.102968	-0.0572656	grip	669.664	fe	-13.0703	-92.9984	41.1762
veC_pos	0.254491	0.531987	-0.106915	peC_pos	-0.000674405	0.104899	-0.057566	grip	670.002	fe	-12.2727	-96.8817	43.9151
veC_pos	0.248506	0.557463	-0.129709	peC_pos	0.000254933	0.107038	-0.0580957	grip	670.327	fe	-12.5962	-99.6235	45.4286
veC_pos	0.264129	0.550507	-0.14222	peC_pos	0.00116705	0.109283	-0.0587348	grip	670.638	fe	-13.9891	-100.815	46.5008
veC_pos	0.301477	0.525426	-0.104525	peC_pos	0.00214539	0.111508	-0.059424	grip	670.936	fe	-16.5133	-101.086	45.096
veC_pos	0.359359	0.480075	-0.0104826	peC_pos	0.0032751	0.113644	-0.0599462	grip	671.22	fe	-20.1662	-100.284	40.7612
veC_pos	0.429083	0.406653	0.0682488	peC_pos	0.0046387	0.115604	-0.0600672	grip	671.492	fe	-24.569	-97.96	36.9222
veC_pos	0.492811	0.319271	0.120487	peC_pos	0.00628381	0.117264	-0.0598448	grip	671.749	fe	-28.8617	-94.7358	34.1763
veC_pos	0.538443	0.230014	0.148231	peC_pos	0.00819136	0.118548	-0.0593906	grip	671.994	fe	-32.4267	-91.1643	32.4986
veC_pos	0.559568	0.150779	0.156688	peC_pos	0.0102966	0.119425	-0.0588148	grip	672.225	fe	-34.9	-87.8197	31.7024
veC_pos	0.544771	0.0821948	0.114817	peC_pos	0.0125067	0.119922	-0.0582059	grip	672.443	fe	-35.6486	-84.7505	33.3993
veC_pos	0.489711	0.0392655	0.0159983	peC_pos	0.0146755	0.120083	-0.0577685	grip	672.647	fe	-34.3569	-82.7369	38.0579
veC_pos	0.415386	0.0468346	-0.0823842	peC_pos	0.0166309	0.120033	-0.057726	grip	672.838	fe	-31.9592	-83.1047	42.9594
veC_pos	0.335673	0.102012	-0.168379	peC_pos	0.0182828	0.120016	-0.0580686	grip	673.016	fe	-29.0883	-85.873	47.5
veC_pos	0.258036	0.192657	-0.248812	peC_pos	0.019599	0.120264	-0.0587417	grip	673.18	fe	-26.0954	-90.5922	51.9843
veC_pos	0.186287	0.298515	-0.336351	peC_pos	0.0205838	0.120947	-0.0597301	grip	673.331	fe	-23.1741	-96.3628	57.0356
veC_pos	0.152646	0.423214	-0.342306	peC_pos	0.021264	0.122125	-0.061082	grip	673.468	fe	-21.9529	-103.408	58.2521
veC_pos	0.140476	0.52202	-0.323298	peC_pos	0.0218059	0.123857	-0.0624995	grip	673.591	fe	-21.7121	-109.53	58.2641
veC_pos	0.146572	0.578454	-0.315263	peC_pos	0.0223069	0.126008	-0.0639046	grip	673.702	fe	-22.3568	-113.814	58.8158
veC_pos	0.1698	0.587946	-0.321127	peC_pos	0.0228461	0.128381	-0.0653436	grip	673.798	fe	-23.8837	-115.9	60.0848
veC_pos	0.210352	0.551228	-0.333284	peC_pos	0.0234921	0.130776	-0.066854	grip	673.882	fe	-26.3485	-115.689	61.7159
veC_pos	0.267826	0.473784	-0.334655	peC_pos	0.0243081	0.133005	-0.0684288	grip	673.952	fe	-29.7738	-113.328	62.8505
veC_pos	0.337424	0.361648	-0.323767	peC_pos	0.0253526	0.134911	-0.0699896	grip	674.008	fe	-33.9591	-109.014	63.3619
veC_pos	0.406799	0.226334	-0.309981	peC_pos	0.0266668	0.136365	-0.0714574	grip	674.051	fe	-38.3147	-103.234	63.665
veC_pos	0.461925	0.0978059	-0.25794	peC_pos	0.0282506	0.137286	-0.0728029	grip	674.08	fe	-42.1394	-97.4317	61.972
veC_pos	0.494644	-0.00827166	-0.166934	peC_pos	0.0300573	0.137701	-0.0738758	grip	674.096	fe	-44.9937	-92.4102	58.1461
veC_pos	0.523045	-0.100672	-0.0422393	peC_pos	0.0320106	0.137698	-0.0745362	grip	674.098	fe	-47.7305	-87.7885	52.3567
veC_pos	0.495937	-0.155474	0.0370909	peC_pos	0.0341001	0.137328	-0.0746709	grip	674.087	fe	-47.7833	-84.7976	48.4802
veC_pos	0.439034	-0.159418	0.0530821	peC_pos	0.0360988	0.136754	-0.0744752	grip	674.062	fe	-46.2845	-84.2098	47.5468
veC_pos	0.374338	-0.0999402	0.0448897	peC_pos	0.0378754	0.136191	-0.074211	grip	674.024	fe	-44.2459	-86.7987	47.7756
veC_pos	0.298612	0.0071565	-0.0125553	peC_pos	0.0393877	0.135896	-0.0739854	grip	673.972	fe	-41.4768	-91.948	50.4919
veC_pos	0.219873	0.140192	-0.113083	peC_pos	0.0405822	0.136042	-0.074012	grip	673.907	fe	-38.3423	-98.6892	55.5314
veC_pos	0.152362	0.270803	-0.226236	peC_pos	0.0414431	0.136693	-0.0744837	grip	673.829	fe	-35.5437	-105.648	61.5011
veC_pos	0.109	0.373463	-0.322191	peC_pos	0.0420214	0.137801	-0.0754661	grip	673.737	fe	-33.7614	-111.515	66.9538
veC_pos	0.0967912	0.432868	-0.380741	peC_pos	0.0424262	0.139237	-0.0768904	grip	673.631	fe	-33.4192	-115.438	70.8328
veC_pos	0.115887	0.437243	-0.403709	peC_pos	0.0427937	0.140841	-0.0785909	grip	673.512	fe	-34.6164	-116.72	73.1173
veC_pos	0.167592	0.378324	-0.419431	peC_pos	0.0432504	0.142427	-0.080398	grip	673.379	fe	-37.5035	-114.823	75.1099
veC_pos	0.244668	0.283585	-0.360811	peC_pos	0.0439176	0.143792	-0.082249	grip	673.233	fe	-41.8002	-110.985	73.4133
veC_pos	0.329683	0.17847	-0.230177	peC_pos	0.0448852	0.144835	-0.0838205	grip	673.074	fe	-46.6952	-106.408	67.9262
veC_pos	0.394629	0.0836302	-0.0697899	peC_pos	0.046182	0.145529	-0.0848135	grip	672.901	fe	-50.8074	-102.108	60.5606
veC_pos	0.419074	0.00720511	0.0800593	peC_pos	0.0477386	0.145888	-0.0851159	grip	672.714	fe	-53.0681	-98.5015	53.2557
veC_pos	0.401425	-0.04547	0.197662	peC_pos	0.0494079	0.145941	-0.0847878	grip	672.515	fe	-53.2988	-95.8739	47.1379
veC_pos	0.342371	-0.070926	0.236965	peC_pos	0.051029	0.145745	-0.0839753	grip	672.301	fe	-51.4254	-94.4385	44.6085
veC_pos	0.23903	-0.0460595	0.162383	peC_pos	0.0524291	0.145407	-0.0830016	grip	672.075	fe	-47.1878	-95.4216	47.6641
veC_pos	0.0893107	0.0693111	-0.0345799	peC_pos	0.053411	0.145155	-0.0823291	grip	671.835	fe	-40.3489	-100.986	57.0406
veC_pos	-0.0812471	0.280452	-0.294323	peC_pos	0.0537687	0.145387	-0.0824615	grip	671.581	fe	-32.0477	-111.662	70.0958
veC_pos	-0.215235	0.505693	-0.49468	peC_pos	0.0534217	0.146503	-0.0836742	grip	671.315	fe	-25.101	-123.634	80.9057
veC_pos	-0.287879	0.632608	-0.623765	peC_pos	0.0525488	0.148559	-0.0857427	grip	671.034	fe	-20.8681	-131.318	88.7245
veC_pos	-0.281659	0.628588	-0.634402	peC_pos	0.0514235	0.151141	-0.0883662	grip	670.741	fe	-20.4089	-132.806	90.9909
veC_pos	-0.177767	0.467761	-0.49932	peC_pos	0.0503554	0.153712	-0.0910381	grip	670.434	fe	-24.8716	-126.442	86.0011
veC_pos	-0.0146142	0.293056	-0.223881	peC_pos	0.0496896	0.155619	-0.0931487	grip	670.114	fe	-32.567	-118.935	73.6143
veC_pos	0.0951298	0.209338	0.0677643	peC_pos	0.0496331	0.15681	-0.0941239	grip	669.781	fe	-37.9998	-115.495	59.6542
veC_pos	0.131744	0.146393	0.298634	peC_pos	0.0500056	0.157645	-0.0938946	grip	669.434	fe	-40.0627	-112.852	47.9245
veC_pos	0.123415	0.0634914	0.440141	peC_pos	0.0505543	0.158176	-0.0927119	grip	669.074	fe	-39.9953	-109.006	40.0241
veC_pos	0.0900315	-0.0422347	0.47503	peC_pos	0.0511072	0.158305	-0.0909467	grip	668.701	fe	-38.677	-103.747	37.0647
veC_pos	0.0163529	-0.138324	0.34062	peC_pos	0.0515456	0.157961	-0.0890353	grip	668.315	fe	-35.2663	-98.6517	42.4726
veC_pos	-0.215353	0.0551274	-0.143853	peC_pos	0.0516713	0.157256	-0.0876634	grip	667.915	fe	-23.7444	-107.79	65.7443
veC_pos	-0.463439	0.530321	-0.660621	peC_pos	0.0508104	0.157425	-0.0882651	grip	667.502	fe	-10.7441	-131.598	91.9482
veC_pos	-0.527194	0.772	-0.844345	peC_pos	0.0489607	0.15959	-0.0910114	grip	667.077	fe	-6.30083	-145.059	102.929
veC_pos	-0.52559	0.755586	-0.819417	peC_pos	0.0469443	0.162813	-0.0945275	grip	666.638	fe	-5.01534	-146.317	103.986
veC_pos	-0.373762	0.398839	-0.571356	peC_pos	0.0450176	0.165998	-0.0979115	grip	666.185	fe	-11.302	-130.527	93.795
veC_pos	-0.177075	0.167816	-0.127985	peC_pos	0.0436658	0.167643	-0.100267	grip	665.72	fe	-20.2154	-119.994	73.1488
veC_pos	-0.113728	0.137003	0.272731	peC_pos	0.0429883	0.168281	-0.100864	grip	665.242	fe	-22.9112	-118.798	53.4626
veC_pos	-0.141389	0.125537	0.553294	peC_pos	0.0425315	0.168812	-0.099839	grip	664.751	fe	-21.2034	-118.494	38.7033
veC_pos	-0.192262	0.0935506	0.693629	peC_pos	0.0419896	0.16936	-0.0976522	grip	664.247	fe	-18.2783	-117.174	30.1837
veC_pos	-0.232626	0.0441631	0.718501	peC_pos	0.0412774	0.169865	-0.0948749	grip	663.729	fe	-15.7657	-114.953	27.0462
veC_pos	-0.25871	-0.0201991	0.62362	peC_pos	0.0404232	0.170253	-0.0919888	grip	663.199	fe	-13.8731	-111.902	29.8259
veC_pos	-0.325055	-0.0227192	0.307486	peC_pos	0.0394612	0.170423	-0.089497	grip	662.656	fe	-9.89646	-111.796	43.9314
veC_pos	-0.508985	0.251444	-0.347092	peC_pos	0.0381946	0.170506	-0.0883233	grip	662.1	fe	0.160602	-125.464	75.8335
veC_pos	-0.575618	0.565111	-0.769484	peC_pos	0.0361632	0.171417	-0.0898552	grip	661.531	fe	4.85783	-141.653	97.9163
veC_pos	-0.503809	0.636418	-0.825834	peC_pos	0.0339328	0.173338	-0.0931313	grip	660.95	fe	2.76259	-146.388	102.847
veC_pos	-0.301044	0.358374	-0.617659	peC_pos	0.0320976	0.17545	-0.0966164	grip	660.355	fe	-6.1436	-133.778	94.6841
veC_pos	-0.0137162	0.139098	-0.062151	peC_pos	0.0310963	0.176448	-0.09922	grip	659.748	fe	-19.8299	-123.366	68.5677
veC_pos	0.0646478	0.14831	0.453869	peC_pos	0.0311054	0.17676	-0.0995886	grip	659.128	fe	-23.7349	-123.923	42.9482
veC_pos	0.0104071	0.120803	0.755891	peC_pos	0.0313556	0.177306	-0.097857	grip	658.495	fe	-21.1679	-122.796	26.6439
veC_pos	-0.0954157	0.0664183	0.873145	peC_pos	0.0314004	0.177837	-0.0948718	grip	657.85	fe	-15.886	-120.311	18.7541
veC_pos	-0.198896	0.000480609	0.860781	peC_pos	0.0310549	0.178187	-0.0913855	grip	657.192	fe	-10.4643	-117.127	17.0188
veC_pos	-0.286163	-0.0773983	0.693007	peC_pos	0.030318	0.178297	-0.0879322	grip	656.522	fe	-5.59627	-113.186	23.0791
veC_pos	-0.454532	0.0100789	0.168195	peC_pos	0.0292248	0.178111	-0.0851552	grip	655.839	fe	3.55983	-117.316	47.4383
veC_pos	-0.664595	0.394188	-0.485585	peC_pos	0.0274107	0.178196	-0.0845295	grip	655.143	fe	15.2719	-136.453	79.6582
veC_pos	-0.670229	0.626484	-0.766453	peC_pos	0.024775	0.179621	-0.0866007	grip	654.435	fe	17.2978	-148.875	94.9971
veC_pos	-0.569366	0.636021	-0.742913	peC_pos	0.0222375	0.181843	-0.0898244	grip	653.714	fe	13.9313	-150.674	95.8652
veC_pos	-0.334947	0.405461	-0.460368	peC_pos	0.0202243	0.184063	-0.0929157	grip	652.982	fe	3.54128	-140.463	83.6906
veC_pos	-0.0458944	0.280352	0.134334	peC_pos	0.0191289	0.185382	-0.0948387	grip	652.236	fe	-10.1818	-134.93	55.1406
veC_pos	0.0947485	0.243654	0.660265	peC_pos	0.0190139	0.186353	-0.0943872	grip	651.479	fe	-17.1246	-133.588	28.478
veC_pos	0.0850065	0.177378	0.947212	peC_pos	0.0193903	0.1873	-0.0918028	grip	650.709	fe	-16.8678	-130.747	12.3763
veC_pos	0.0313285	0.0791678	1.05571	peC_pos	0.0197575	0.187981	-0.0880312	grip	649.927	fe	-14.4074	-126.132	4.42822
veC_pos	-0.0171617	-0.0358315	1.03496	peC_pos	0.0199707	0.188191	-0.0837969	grip	649.132	fe	-12.1055	-120.369	2.64734
veC_pos	-0.0511252	-0.176091	0.844299	peC_pos	0.0200389	0.187844	-0.0796262	grip	648.326	fe	-10.4355	-112.98	9.40875
veC_pos	-0.215424	-0.0874022	0.159326	peC_pos	0.0199678	0.186901	-0.0762075	grip	647.507	fe	-2.15805	-116.649	41.3786
veC_pos	-0.443633	0.353798	-0.633977	peC_pos	0.0191328	0.186404	-0.0755695	grip	646.676	fe	9.80891	-138.233	80.5678
veC_pos	-0.444466	0.552928	-0.818527	peC_pos	0.017347	0.187808	-0.0782059	grip	645.834	fe	11.02	-148.939	91.4343
veC_pos	-0.388322	0.551982	-0.780101	peC_pos	0.0156432	0.190182	-0.0816137	grip	644.979	fe	9.32653	-150.263	91.6442
veC_pos	-0.290247	0.434543	-0.689326	peC_pos	0.014258	0.192674	-0.0848085	grip	644.112	fe	5.32859	-145.831	89.0925
veC_pos	-0.0368008	0.196151	-0.152526	peC_pos	0.0132692	0.194673	-0.0875908	grip	643.234	fe	-6.69516	-135.028	63.9677
veC_pos	0.137634	0.0526871	0.493007	peC_pos	0.0131559	0.195555	-0.0882681	grip	642.344	fe	-15.3323	-128.248	32.0481
veC_pos	0.103749	0.0220129	0.733354	peC_pos	0.0137017	0.195747	-0.0863788	grip	641.442	fe	-13.9763	-126.661	18.7392
veC_pos	0.0309802	-0.0249111	0.802749	peC_pos	0.0141468	0.195761	-0.0834899	grip	640.528	fe	-10.6104	-124.144	13.3401
veC_pos	-0.0188559	-0.0805143	0.804041	peC_pos	0.0143439	0.19557	-0.0802794	grip	639.602	fe	-8.23158	-121.062	11.1449
veC_pos	-0.0486938	-0.13317	0.679088	peC_pos	0.0143696	0.19517	-0.0770297	grip	638.665	fe	-6.74264	-117.99	15.2418
veC_pos	-0.132865	-0.144929	0.088657	peC_pos	0.0142745	0.194594	-0.0742623	grip	637.716	fe	-2.45981	-116.849	42.9254
veC_pos	-0.433128	0.392037	-0.946166	peC_pos	0.013751	0.19401	-0.0739166	grip	636.756	fe	12.9004	-143.139	94.3751
veC_pos	-0.304952	0.49442	-0.983612	peC_pos	0.0120045	0.195502	-0.0778321	grip	635.784	fe	7.61532	-149.018	98.665
veC_pos	-0.21683	0.402181	-0.821969	peC_pos	0.01086	0.197411	-0.0818956	grip	634.801	fe	3.94755	-145.426	93.0858
veC_pos	0.167383	-0.123255	-0.220803	peC_pos	0.0101363	0.198966	-0.085236	grip	633.806	fe	-14.7936	-119.943	65.0632
veC_pos	0.448172	-0.287313	0.709687	peC_pos	0.0108175	0.198371	-0.0861832	grip	632.8	fe	-29.254	-111.164	19.0524
veC_pos	0.309157	-0.247882	0.887423	peC_pos	0.0125789	0.197187	-0.0834414	grip	631.783	fe	-23.405	-112.185	8.34568
veC_pos	0.122095	-0.23138	0.842564	peC_pos	0.0138293	0.196216	-0.0799299	grip	630.755	fe	-14.8277	-112.195	8.28792
veC_pos	-0.0714678	-0.168434	0.69132	peC_pos	0.0143762	0.195368	-0.0765402	grip	629.715	fe	-5.47951	-114.604	13.6325
veC_pos	-0.411673	0.181819	0.291712	peC_pos	0.0141805	0.19484	-0.0737137	grip	628.664	fe	11.6689	-131.58	31.7556
veC_pos	-1.01665	0.675782	-0.944721	peC_pos	0.0126386	0.195736	-0.0724779	grip	627.603	fe	42.9005	-156.633	92.7234
veC_pos	-0.684223	0.172871	-0.630381	peC_pos	0.00863877	0.198396	-0.0764641	grip	626.53	fe	28.7987	-132.944	79.4261
veC_pos	-0.485348	-0.152343	-0.409249	peC_pos	0.00599001	0.198876	-0.0791184	grip	625.446	fe	20.521	-116.769	69.9468
veC_pos	0.0948362	-0.551518	0.754862	peC_pos	0.00425662	0.197753	-0.0806962	grip	624.352	fe	-7.39944	-95.8913	12.6397
veC_pos	0.285629	-0.442937	1.33766	peC_pos	0.00468017	0.195116	-0.0777933	grip	623.246	fe	-17.1983	-99.4584	-18.3985
veC_pos	0.208805	-0.265799	1.26241	peC_pos	0.00580487	0.193186	-0.0726581	grip	622.13	fe	-14.0516	-106.897	-17.9177
veC_pos	0.106956	-0.12088	1.08704	peC_pos	0.00659988	0.192194	-0.0678037	grip	621.003	fe	-9.44637	-113.309	-12.2455
veC_pos	-0.120307	0.161148	0.615252	peC_pos	0.00701141	0.191961	-0.0635897	grip	619.866	fe	1.66921	-127.047	8.65445
veC_pos	-0.573423	0.596707	-0.362096	peC_pos	0.00658092	0.19291	-0.0611712	grip	618.718	fe	24.5994	-149.192	55.9525
veC_pos	-0.597794	0.308118	-0.793171	peC_pos	0.00437725	0.19539	-0.0627257	grip	617.559	fe	27.1865	-136.071	78.3954
veC_pos	-0.43725	-0.060824	-0.791001	peC_pos	0.00205416	0.196566	-0.0661026	grip	616.39	fe	20.5963	-118.12	80.295
veC_pos	-0.163856	-0.471175	-0.569863	peC_pos	0.000386478	0.196249	-0.0693941	grip	615.211	fe	7.95502	-97.1758	71.1852
veC_pos	0.230432	-0.644596	0.444696	peC_pos	-0.000146234	0.194255	-0.071616	grip	614.021	fe	-11.4318	-87.0472	21.739
veC_pos	0.322424	-0.527949	1.04857	peC_pos	0.000789722	0.191566	-0.0698781	grip	612.821	fe	-16.6052	-90.9981	-9.60565
veC_pos	0.190451	-0.333562	0.978534	peC_pos	0.00207542	0.189392	-0.0658108	grip	611.611	fe	-10.7919	-99.1562	-8.67607
veC_pos	0.0490512	-0.168529	0.643891	peC_pos	0.00283144	0.188048	-0.0620268	grip	610.391	fe	-4.18084	-106.357	5.66609
veC_pos	-0.0623712	-0.0440941	0.0373722	peC_pos	0.00303676	0.1874	-0.0595551	grip	609.161	fe	1.26869	-111.952	34.41
veC_pos	-0.448982	0.498823	-1.55213	peC_pos	0.0027905	0.187254	-0.0594836	grip	607.921	fe	20.7527	-138.777	113.768
veC_pos	-0.225112	0.475986	-1.48238	peC_pos	0.000995882	0.189185	-0.0658306	grip	606.67	fe	10.6514	-138.572	114.056
veC_pos	-0.118986	0.362141	-1.3436	peC_pos	0.000167481	0.191061	-0.071874	grip	605.41	fe	5.8479	-133.778	110.693
veC_pos	0.349681	-0.219505	-0.195959	peC_pos	-0.000188722	0.19255	-0.0772866	grip	604.14	fe	-17.37	-105.352	56.4899
veC_pos	0.450517	-0.221556	0.582418	peC_pos	0.00118045	0.191669	-0.0781402	grip	602.861	fe	-23.2375	-104.472	17.9868
veC_pos	0.356358	-0.197714	0.680409	peC_pos	0.00299582	0.190712	-0.0759307	grip	601.572	fe	-19.6201	-104.841	11.6573
veC_pos	0.221247	-0.164619	0.533198	peC_pos	0.00453427	0.189742	-0.0732934	grip	600.273	fe	-13.7842	-105.666	17.3361
veC_pos	0.0615036	-0.0669674	0.168818	peC_pos	0.00563029	0.188756	-0.0711896	grip	598.965	fe	-6.44753	-109.71	34.1992
veC_pos	-0.414458	0.456131	-1.53145	peC_pos	0.00614083	0.188012	-0.0704953	grip	597.647	fe	17.0528	-135.171	118.704
veC_pos	-0.131763	0.170275	-1.33075	peC_pos	0.00458391	0.189566	-0.0768192	grip	596.32	fe	3.85469	-121.555	112.346
veC_pos	-0.0301623	-0.0241266	-1.13968	peC_pos	0.00412494	0.190315	-0.0823577	grip	594.983	fe	-0.946157	-112.028	105.986
veC_pos	0.0992109	-0.161319	-0.943224	peC_pos	0.00409344	0.190579	-0.0869955	grip	593.638	fe	-7.39057	-105.069	98.805
veC_pos	0.316582	-0.315667	-0.187848	peC_pos	0.0045671	0.190317	-0.090761	grip	592.283	fe	-18.5341	-96.9384	63.1486
veC_pos	0.379313	-0.34047	0.368704	peC_pos	0.00583227	0.189197	-0.0916028	grip	590.919	fe	-22.412	-94.7767	35.6947
veC_pos	0.261212	-0.274655	0.400757	peC_pos	0.00736646	0.187795	-0.0902672	grip	589.546	fe	-17.4035	-96.9808	33.1788
veC_pos	0.129416	-0.223184	0.233138	peC_pos	0.00846754	0.186574	-0.0887682	grip	588.165	fe	-11.4511	-98.5771	40.5534
veC_pos	0.0325801	-0.184624	-0.0611383	peC_pos	0.00907591	0.185542	-0.0878838	grip	586.774	fe	-6.95451	-99.6402	54.6248
veC_pos	0.00330908	-0.230969	-0.689373	peC_pos	0.00930793	0.184696	-0.0881304	grip	585.375	fe	-5.61408	-96.5677	86.0579
veC_pos	-0.22808	0.353086	-1.90448	peC_pos	0.00934925	0.183758	-0.0909173	grip	583.966	fe	5.94437	-124.963	148.317
veC_pos	-0.0924091	0.461995	-1.76182	peC_pos	0.00845825	0.185169	-0.0986325	grip	582.55	fe	-0.306894	-130.97	145.549
veC_pos	-0.0534112	0.418084	-1.51227	peC_pos	0.00819812	0.187083	-0.10573	grip	581.124	fe	-2.09357	-129.623	137.056
veC_pos	0.25042	-0.130106	-0.656748	peC_pos	0.00815588	0.188885	-0.111734	grip	579.691	fe	-17.2489	-102.99	97.6086
veC_pos	0.363227	-0.125235	0.218458	peC_pos	0.00921538	0.188414	-0.114345	grip	578.249	fe	-23.4901	-102.688	55.1967
veC_pos	0.285443	-0.0969928	0.554096	peC_pos	0.010665	0.187941	-0.113575	grip	576.798	fe	-20.4237	-103.554	37.8049
veC_pos	0.143201	-0.110971	0.515793	peC_pos	0.0118609	0.187544	-0.111424	grip	575.339	fe	-13.9841	-102.353	38.3169
veC_pos	0.00614717	-0.133702	0.274918	peC_pos	0.0125592	0.187031	-0.109342	grip	573.873	fe	-7.51475	-100.647	49.0026
veC_pos	-0.0647663	-0.22076	-0.0138779	peC_pos	0.0127602	0.18636	-0.108143	grip	572.398	fe	-4.0656	-95.6339	62.5947
veC_pos	-0.439617	0.219637	-1.73236	peC_pos	0.0126761	0.185346	-0.108062	grip	570.915	fe	14.7439	-116.798	148.312
veC_pos	-0.264403	0.255907	-1.78972	peC_pos	0.0109566	0.186173	-0.115094	grip	569.424	fe	6.98116	-118.807	155.023
veC_pos	-0.205565	0.237426	-1.48861	peC_pos	0.0100023	0.18724	-0.122383	grip	567.925	fe	4.59768	-118.209	143.935
veC_pos	-0.16987	0.18232	-1.29875	peC_pos	0.00936432	0.18832	-0.128318	grip	566.419	fe	3.18938	-115.784	137.619
veC_pos	0.0451582	0.0168001	-0.540089	peC_pos	0.00891085	0.189131	-0.133372	grip	564.905	fe	-7.29169	-107.681	102.347
veC_pos	0.179375	-0.00528136	0.397943	peC_pos	0.00917244	0.189192	-0.135548	grip	563.383	fe	-14.1364	-106.323	56.4681
veC_pos	0.108473	0.0826034	0.64416	peC_pos	0.0099203	0.189207	-0.134088	grip	561.854	fe	-10.9974	-110.437	43.13
veC_pos	0.0334337	0.0718574	0.582046	peC_pos	0.0104101	0.189604	-0.131615	grip	560.317	fe	-7.50463	-109.831	44.6437
veC_pos	-0.00845814	0.00863758	0.370662	peC_pos	0.0106562	0.189924	-0.129309	grip	558.773	fe	-5.53148	-106.556	53.7214
veC_pos	0.0184868	-0.150523	0.00907154	peC_pos	0.0107963	0.189887	-0.127753	grip	557.222	fe	-6.9403	-98.283	70.7334
veC_pos	-0.10231	0.0409506	-1.3904	peC_pos	0.011044	0.189135	-0.127597	grip	555.664	fe	-1.02125	-107.143	140.421
veC_pos	-0.0293734	0.272894	-1.98693	peC_pos	0.0106665	0.189194	-0.133201	grip	554.098	fe	-4.44164	-118.477	173.153
veC_pos	0.101564	0.244717	-1.69954	peC_pos	0.0106354	0.190344	-0.141331	grip	552.526	fe	-10.9545	-117.406	163.066
veC_pos	0.113437	0.187714	-1.46846	peC_pos	0.0112081	0.19172	-0.148279	grip	550.946	fe	-11.8469	-115.013	155.117
veC_pos	0.209491	-0.00905056	-1.04437	peC_pos	0.011867	0.193159	-0.15421	grip	549.36	fe	-16.9938	-105.661	136.936
veC_pos	0.386198	-0.310536	0.156574	peC_pos	0.0127959	0.193662	-0.158498	grip	547.767	fe	-26.3191	-90.555	78.9913
veC_pos	0.285354	-0.271056	0.616712	peC_pos	0.0143988	0.192484	-0.158044	grip	546.168	fe	-22.1319	-91.5757	55.483
veC_pos	0.122847	-0.226914	0.637171	peC_pos	0.015668	0.191032	-0.155683	grip	544.561	fe	-14.6746	-92.6831	52.9204
veC_pos	0.00879725	-0.286666	0.420817	peC_pos	0.01634	0.189446	-0.153127	grip	542.949	fe	-9.31164	-88.5262	62.0991
veC_pos	-0.0894901	-0.243465	-0.276014	peC_pos	0.0165615	0.187485	-0.15133	grip	541.33	fe	-4.49071	-89.3181	95.72
veC_pos	-0.198449	0.14556	-1.56892	peC_pos	0.016315	0.185853	-0.152309	grip	539.704	fe	1.11715	-107.584	160.648
veC_pos	-0.120121	0.44097	-2.20144	peC_pos	0.01555	0.186196	-0.158654	grip	538.073	fe	-2.36096	-122.235	195.439
veC_pos	0.0192851	0.478548	-2.05637	peC_pos	0.0151809	0.188215	-0.167662	grip	536.435	fe	-9.10782	-124.892	192.758
veC_pos	0.0436662	0.481049	-1.87147	peC_pos	0.0154691	0.190847	-0.175967	grip	534.791	fe	-10.4561	-126.116	187.679
veC_pos	0.0830244	0.246336	-1.58923	peC_pos	0.0158808	0.19377	-0.183384	grip	533.141	fe	-12.6179	-115.624	177.231
veC_pos	0.341263	-0.344511	-0.173517	peC_pos	0.0163398	0.195478	-0.189795	grip	531.486	fe	-25.7475	-86.6682	109.549
veC_pos	0.326594	-0.463374	0.565402	peC_pos	0.0177771	0.194273	-0.190649	grip	529.824	fe	-25.7484	-79.7618	72.7403
veC_pos	0.20165	-0.491796	0.752935	peC_pos	0.0191974	0.192105	-0.18848	grip	528.157	fe	-20.2217	-76.8716	61.9004
veC_pos	0.092431	-0.565795	0.711728	peC_pos	0.0201314	0.189435	-0.185421	grip	526.485	fe	-15.2204	-71.4449	62.035
veC_pos	-0.0418148	-0.540833	0.212648	peC_pos	0.0206059	0.186275	-0.1824	grip	524.806	fe	-8.72338	-70.7169	85.0924
veC_pos	-0.231641	-0.119783	-1.02177	peC_pos	0.0204837	0.183321	-0.181321	grip	523.123	fe	0.866598	-89.9103	145.942
veC_pos	-0.243596	0.355939	-1.94324	peC_pos	0.0195571	0.182437	-0.185334	grip	521.434	fe	1.98205	-112.926	193.801
veC_pos	-0.133832	0.525186	-1.99287	peC_pos	0.0186564	0.183915	-0.193268	grip	519.74	fe	-3.00487	-121.847	200.092
veC_pos	-0.107479	0.545679	-1.76549	peC_pos	0.0182611	0.186429	-0.201319	grip	518.04	fe	-4.08607	-123.862	192.566
veC_pos	-0.212811	0.554217	-1.75888	peC_pos	0.017954	0.189189	-0.20824	grip	516.336	fe	1.37024	-125.396	195.466
veC_pos	-0.121602	0.059238	-1.05361	peC_pos	0.0171908	0.191858	-0.2151	grip	514.627	fe	-2.76676	-101.697	163.377
veC_pos	0.0401977	-0.348669	0.222375	peC_pos	0.0167427	0.192218	-0.219361	grip	512.913	fe	-10.5974	-81.1576	101.394
veC_pos	0.0293214	-0.341917	0.774891	peC_pos	0.0169672	0.19083	-0.218579	grip	511.194	fe	-10.1396	-80.4551	72.9915
veC_pos	-0.0138713	-0.335751	0.903692	peC_pos	0.0171615	0.189461	-0.215502	grip	509.47	fe	-8.04973	-79.737	64.6075
veC_pos	-0.0396732	-0.353467	0.768902	peC_pos	0.0171742	0.188132	-0.211795	grip	507.742	fe	-6.73638	-77.8493	69.0919
veC_pos	-0.113461	-0.221571	0.0415271	peC_pos	0.0170736	0.186783	-0.20854	grip	506.009	fe	-2.96636	-83.4355	103.447
veC_pos	-0.185926	0.153345	-1.23861	peC_pos	0.0166563	0.186012	-0.208172	grip	504.272	fe	0.897006	-101.468	166.906
veC_pos	-0.0230548	0.310146	-1.79756	peC_pos	0.0159545	0.186679	-0.21312	grip	502.531	fe	-6.86487	-109.319	196.977
veC_pos	0.156796	0.286178	-1.64876	peC_pos	0.0159483	0.187883	-0.22042	grip	500.785	fe	-15.8265	-108.398	192.821
veC_pos	0.202438	0.257679	-1.36457	peC_pos	0.0166698	0.18906	-0.226947	grip	499.036	fe	-18.4407	-107.232	181.483
veC_pos	0.110379	0.216467	-1.47291	peC_pos	0.0175532	0.190261	-0.232134	grip	497.282	fe	-14.2478	-105.437	189.081
veC_pos	0.221163	-0.359292	-0.474869	peC_pos	0.0180698	0.191327	-0.23781	grip	495.524	fe	-20.0122	-76.8428	141.584
veC_pos	0.297241	-0.635793	0.80359	peC_pos	0.0189933	0.189944	-0.239759	grip	493.763	fe	-24.2402	-61.9975	78.2048
veC_pos	0.203057	-0.559632	1.23847	peC_pos	0.0202601	0.187348	-0.236617	grip	491.998	fe	-20.1208	-64.1933	54.4913
veC_pos	0.0882274	-0.496977	1.25892	peC_pos	0.0211522	0.184962	-0.231622	grip	490.229	fe	-14.7808	-65.8249	50.6021
veC_pos	-0.0546649	-0.370701	0.67882	peC_pos	0.0215656	0.182802	-0.226421	grip	488.457	fe	-7.80063	-70.7559	76.6557
veC_pos	-0.206482	0.123802	-0.84667	peC_pos	0.0213735	0.181234	-0.223436	grip	486.681	fe	-0.077955	-94.3933	151.075
veC_pos	-0.0269574	0.424023	-1.65866	peC_pos	0.0205689	0.181743	-0.226688	grip	484.902	fe	-8.62602	-109.328	192.854
veC_pos	0.217898	0.409622	-1.5714	peC_pos	0.0205446	0.18344	-0.233399	grip	483.119	fe	-20.8204	-109.105	191.33
veC_pos	0.339088	0.361713	-1.23142	peC_pos	0.0214966	0.18513	-0.239572	grip	481.334	fe	-27.3014	-107.195	176.885
veC_pos	0.336611	0.315403	-1.15154	peC_pos	0.0228882	0.186758	-0.244096	grip	479.545	fe	-27.8065	-105.329	174.632
veC_pos	0.321354	-0.0140277	-1.08154	peC_pos	0.0242529	0.188323	-0.248216	grip	477.754	fe	-27.6546	-89.2707	172.663
veC_pos	0.49595	-0.650928	0.266602	peC_pos	0.0255844	0.188474	-0.252409	grip	475.96	fe	-36.9746	-57.1596	106.806
veC_pos	0.536664	-0.861356	1.22768	peC_pos	0.0276171	0.185887	-0.251402	grip	474.162	fe	-39.9282	-45.0726	57.8212
veC_pos	0.452915	-0.915527	1.50019	peC_pos	0.0298184	0.182194	-0.246513	grip	472.363	fe	-36.7309	-40.2854	41.4337
veC_pos	0.326635	-0.893003	1.29771	peC_pos	0.0316184	0.178009	-0.240406	grip	470.56	fe	-31.2101	-39.1138	48.2402
veC_pos	0.173216	-0.577879	0.291898	peC_pos	0.0328274	0.173783	-0.234987	grip	468.755	fe	-24.0488	-52.5678	95.5563
veC_pos	0.167093	0.00307247	-1.03256	peC_pos	0.0333748	0.170952	-0.233557	grip	466.948	fe	-23.9389	-79.9792	160.687
veC_pos	0.358056	0.37706	-1.4854	peC_pos	0.0340062	0.170773	-0.237661	grip	465.139	fe	-33.7204	-98.2861	184.815
veC_pos	0.469649	0.476803	-1.3283	peC_pos	0.0355299	0.172414	-0.243657	grip	463.327	fe	-39.9444	-103.724	179.308
veC_pos	0.452172	0.475521	-1.12334	peC_pos	0.0374815	0.174687	-0.248765	grip	461.513	fe	-39.9068	-104.396	170.975
veC_pos	0.355307	0.394941	-1.13999	peC_pos	0.039271	0.177059	-0.252795	grip	459.698	fe	-35.8181	-101.141	173.209
veC_pos	0.289947	0.0320748	-0.901707	peC_pos	0.0406274	0.179031	-0.256901	grip	457.88	fe	-33.0998	-83.5784	162.715
veC_pos	0.3325	-0.580624	0.0239837	peC_pos	0.0417557	0.17931	-0.260328	grip	456.061	fe	-35.6681	-52.7449	117.526
veC_pos	0.345792	-0.837915	0.901624	peC_pos	0.0431007	0.177009	-0.260258	grip	454.24	fe	-36.8676	-38.5088	73.1384
veC_pos	0.329663	-0.84872	1.31871	peC_pos	0.0445235	0.173679	-0.256705	grip	452.417	fe	-36.6263	-36.1393	50.2019
veC_pos	0.305007	-0.783079	1.35981	peC_pos	0.04585	0.170328	-0.251414	grip	450.593	fe	-35.91	-37.5945	45.295
veC_pos	0.306489	-0.610195	0.981483	peC_pos	0.0470364	0.167274	-0.245876	grip	448.767	fe	-36.4328	-44.5574	61.267
veC_pos	0.341084	-0.286638	0.120463	peC_pos	0.0482178	0.16498	-0.241799	grip	446.94	fe	-38.6047	-59.4043	102.046
veC_pos	0.457633	0.066942	-0.734641	peC_pos	0.0495687	0.164009	-0.241215	grip	445.112	fe	-44.9453	-76.3494	144.1
veC_pos	0.598459	0.246442	-1.07135	peC_pos	0.0514342	0.16436	-0.244181	grip	443.283	fe	-52.7229	-85.1802	161.809
veC_pos	0.647921	0.250347	-1.03916	peC_pos	0.053859	0.165324	-0.248476	grip	441.453	fe	-56.1723	-85.5004	161.649
veC_pos	0.601418	0.17505	-0.967927	peC_pos	0.0564179	0.166283	-0.252465	grip	439.622	fe	-54.8735	-81.8541	159.386
veC_pos	0.501066	0.0808844	-0.948962	peC_pos	0.0587218	0.166957	-0.256025	grip	437.791	fe	-50.7612	-77.1365	159.534
veC_pos	0.407108	-0.166699	-0.741881	peC_pos	0.0605993	0.16722	-0.259529	grip	435.958	fe	-46.7742	-64.566	150.238
veC_pos	0.342815	-0.521802	-0.101698	peC_pos	0.0621296	0.166417	-0.262372	grip	434.125	fe	-44.1128	-46.1556	118.987
veC_pos	0.283842	-0.656681	0.662122	peC_pos	0.0634693	0.164228	-0.262817	grip	432.292	fe	-41.6294	-38.1604	80.5077
veC_pos	0.247343	-0.591453	1.1403	peC_pos	0.0646449	0.161679	-0.260249	grip	430.458	fe	-40.1941	-40.0232	55.0111
veC_pos	0.224941	-0.48934	1.269	peC_pos	0.0657102	0.159612	-0.255714	grip	428.624	fe	-39.412	-43.9464	46.155
veC_pos	0.238375	-0.369177	1.01497	peC_pos	0.066704	0.158149	-0.250581	grip	426.789	fe	-40.3873	-49.0373	56.1967
veC_pos	0.297787	-0.172194	0.229349	peC_pos	0.067779	0.1573	-0.246411	grip	424.955	fe	-43.6924	-58.2358	93.2459
veC_pos	0.442212	0.0921095	-0.727998	peC_pos	0.0691014	0.157189	-0.245431	grip	423.12	fe	-51.3488	-71.1151	140.247
veC_pos	0.629759	0.187499	-1.11159	peC_pos	0.070959	0.157805	-0.248413	grip	421.286	fe	-61.382	-75.8559	160.233
veC_pos	0.728062	0.123625	-0.985065	peC_pos	0.0734924	0.158455	-0.25292	grip	419.452	fe	-67.2296	-72.6457	155.341
veC_pos	0.833302	-0.654549	-1.10725	peC_pos	0.0763555	0.158737	-0.25675	grip	417.618	fe	-73.5525	-33.564	162.586
veC_pos	0.860278	-1.00971	-1.24726	peC_pos	0.0796266	0.155988	-0.260966	grip	415.784	fe	-76.1214	-14.372	170.869
veC_pos	0.856698	-1.39088	-1.20503	peC_pos	0.0830348	0.15191	-0.265751	grip	413.951	fe	-77.2073	6.6604	170.26
veC_pos	0.77539	-1.92255	-0.625662	peC_pos	0.0864396	0.146331	-0.270489	grip	412.119	fe	-74.3929	35.8221	142.757
veC_pos	0.568026	-2.08047	0.0773748	peC_pos	0.0895249	0.138643	-0.273062	grip	410.288	fe	-65.1323	47.1399	108.165
veC_pos	0.360808	-1.76866	0.331263	peC_pos	0.0918142	0.130369	-0.272808	grip	408.457	fe	-55.5425	35.183	94.8669
veC_pos	0.206462	-1.36948	0.112311	peC_pos	0.0932681	0.123335	-0.271369	grip	406.627	fe	-48.2484	18.3224	104.73
veC_pos	0.116905	-1.13403	-0.554855	peC_pos	0.094051	0.117879	-0.270597	grip	404.798	fe	-43.9169	8.98413	137.28
veC_pos	0.150376	0.168178	-3.17001	peC_pos	0.0944745	0.113493	-0.272426	grip	402.97	fe	-45.5892	-54.1432	268.28
veC_pos	0.688096	-0.138178	-3.31343	peC_pos	0.0950267	0.114317	-0.28511	grip	401.143	fe	-72.5241	-38.9488	280.042
veC_pos	1.04685	-0.720207	-2.66611	peC_pos	0.0978052	0.113812	-0.298546	grip	399.318	fe	-91.398	-9.43672	252.521
veC_pos	1.12804	-0.959537	-2.15537	peC_pos	0.102064	0.11108	-0.309236	grip	397.494	fe	-96.9716	3.82304	230.688
veC_pos	1.08931	-0.929299	-1.90732	peC_pos	0.106656	0.107521	-0.317677	grip	395.672	fe	-96.6665	3.92175	221.062
veC_pos	1.02391	-0.789702	-1.91214	peC_pos	0.111114	0.104167	-0.325046	grip	393.851	fe	-94.9579	-1.54099	223.627
veC_pos	0.962881	-1.50987	-0.862215	peC_pos	0.115396	0.101333	-0.33264	grip	392.032	fe	-93.3829	35.7677	173.516
veC_pos	0.578923	-2.27429	0.851885	peC_pos	0.119292	0.0952449	-0.336205	grip	390.214	fe	-75.4956	76.5486	88.5979
veC_pos	0.166115	-2.14085	1.72339	peC_pos	0.12141	0.0857743	-0.332706	grip	388.399	fe	-55.4614	73.7279	43.0531
veC_pos	-0.101785	-1.72789	1.74075	peC_pos	0.121822	0.0767394	-0.325626	grip	386.585	fe	-42.0053	56.7283	38.8446
veC_pos	-0.303439	-1.31818	1.24266	peC_pos	0.121172	0.0693649	-0.318478	grip	384.774	fe	-31.4519	39.2191	60.4091
veC_pos	-0.339108	0.215954	-0.716813	peC_pos	0.119691	0.0636834	-0.313249	grip	382.965	fe	-28.8819	-35.1862	155.804
veC_pos	0.124808	0.664661	-1.58806	peC_pos	0.117933	0.0641042	-0.315783	grip	381.158	fe	-51.1915	-57.6669	199.766
veC_pos	0.561863	0.135018	-1.03345	peC_pos	0.118457	0.0666855	-0.322265	grip	379.354	fe	-73.0303	-32.0483	173.925
veC_pos	0.69553	-0.121972	-0.572231	peC_pos	0.120919	0.067635	-0.326349	grip	377.551	fe	-80.4297	-19.4371	151.825
veC_pos	0.637945	-0.107548	-0.51815	peC_pos	0.12381	0.0678357	-0.328158	grip	375.752	fe	-78.4189	-20.112	149.213
veC_pos	0.338985	-0.699297	-0.0222637	peC_pos	0.126322	0.068084	-0.329584	grip	373.955	fe	-64.1881	9.50448	124.363
veC_pos	-0.206147	-1.54918	1.42562	peC_pos	0.127743	0.065539	-0.329672	grip	372.161	fe	-37.2336	53.0681	51.4103
veC_pos	-0.556547	-1.20278	1.87015	peC_pos	0.126893	0.0593378	-0.324022	grip	370.37	fe	-19.1701	38.1619	26.5005
veC_pos	-0.633227	-0.618484	1.56739	peC_pos	0.124687	0.0545195	-0.316563	grip	368.582	fe	-14.2961	10.8293	38.31
veC_pos	-0.59699	-0.122402	0.842932	peC_pos	0.122212	0.0520903	-0.31027	grip	366.797	fe	-14.9775	-12.9865	71.6594
veC_pos	-0.277795	1.43737	-1.19992	peC_pos	0.119862	0.0517204	-0.306772	grip	365.015	fe	-29.8617	-90.7471	171.972
veC_pos	0.236132	1.18209	-1.43804	peC_pos	0.11867	0.0574916	-0.311456	grip	363.236	fe	-54.9118	-79.9875	185.034
veC_pos	0.565524	0.663528	-1.09879	peC_pos	0.119656	0.0622545	-0.317314	grip	361.461	fe	-71.5271	-55.679	169.636
veC_pos	0.677812	0.349868	-0.870803	peC_pos	0.121973	0.0651061	-0.321718	grip	359.689	fe	-77.7629	-40.9113	159.259
veC_pos	0.648639	0.133721	-0.944815	peC_pos	0.124697	0.0668544	-0.325052	grip	357.921	fe	-77.0637	-30.6147	163.584
veC_pos	0.237648	-1.36327	0.564356	peC_pos	0.127304	0.0677486	-0.328712	grip	356.156	fe	-57.2225	44.0345	88.855
veC_pos	-0.268663	-1.33954	1.35299	peC_pos	0.128225	0.0623644	-0.326522	grip	354.395	fe	-32.0093	44.8751	48.0685
veC_pos	-0.477775	-0.733731	1.24893	peC_pos	0.127114	0.0569458	-0.321093	grip	352.638	fe	-20.9365	16.6053	50.783
veC_pos	-0.551688	-0.152249	0.672569	peC_pos	0.12515	0.0539321	-0.315977	grip	350.885	fe	-16.3288	-11.3115	77.2433
veC_pos	-0.311316	1.6508	-1.6804	peC_pos	0.122836	0.0532836	-0.313039	grip	349.136	fe	-27.3205	-101.143	193.314
veC_pos	0.18902	1.45842	-1.79864	peC_pos	0.121421	0.0598266	-0.319614	grip	347.391	fe	-51.6317	-93.7042	200.963
veC_pos	0.464896	0.996078	-1.42172	peC_pos	0.122208	0.0657018	-0.326925	grip	345.65	fe	-65.4862	-72.5137	184.088
veC_pos	0.545237	0.653669	-1.13807	peC_pos	0.124113	0.0698657	-0.332672	grip	343.914	fe	-69.9461	-56.7113	171.314
veC_pos	0.50533	0.376479	-1.12284	peC_pos	0.126242	0.0727183	-0.337126	grip	342.182	fe	-68.4641	-43.7068	171.5
veC_pos	0.120067	-1.08022	0.440109	peC_pos	0.128109	0.0743327	-0.341463	grip	340.454	fe	-49.6185	28.7043	94.247
veC_pos	-0.279282	-1.11587	1.30271	peC_pos	0.128544	0.0699603	-0.339786	grip	338.731	fe	-29.5778	32.0959	49.9604
veC_pos	-0.393239	-0.542546	1.13662	peC_pos	0.127489	0.0655249	-0.334587	grip	337.013	fe	-23.3036	5.04456	55.9294
veC_pos	-0.391429	-0.0465801	0.513193	peC_pos	0.125919	0.0634315	-0.329867	grip	335.299	fe	-22.6492	-18.9395	84.9445
veC_pos	0.00278931	1.85777	-2.44664	peC_pos	0.12419	0.0633425	-0.327365	grip	333.591	fe	-41.5683	-114.019	231.538
veC_pos	0.65889	0.938776	-1.85517	peC_pos	0.124052	0.070678	-0.336985	grip	331.887	fe	-74.1158	-70.3959	204.6
veC_pos	0.911872	0.360848	-1.27025	peC_pos	0.12678	0.0744412	-0.344517	grip	330.189	fe	-87.4549	-42.6221	177.268
veC_pos	0.943548	-0.0235719	-0.742731	peC_pos	0.130618	0.0761808	-0.349631	grip	328.495	fe	-90.0847	-23.8464	151.989
veC_pos	0.86175	-0.253966	-0.366729	peC_pos	0.134536	0.0766417	-0.352427	grip	326.807	fe	-87.0547	-12.3487	133.512
veC_pos	0.208734	-1.75301	1.28864	peC_pos	0.137992	0.0763273	-0.353522	grip	325.124	fe	-55.3013	62.8348	50.5068
veC_pos	-0.423007	-1.62969	1.89795	peC_pos	0.13881	0.0694298	-0.348429	grip	323.447	fe	-23.7473	59.0277	17.8005
veC_pos	-0.663235	-0.889765	1.50836	peC_pos	0.137153	0.0628225	-0.340977	grip	321.775	fe	-10.9707	24.2735	34.2998
veC_pos	-0.68465	-0.225681	0.655291	peC_pos	0.134442	0.0592028	-0.334921	grip	320.108	fe	-8.80353	-7.66724	74.4464
veC_pos	0.00590527	1.7268	-2.28346	peC_pos	0.131506	0.0584191	-0.331984	grip	318.448	fe	-42.1732	-104.943	219.893
veC_pos	0.727691	1.0313	-1.84495	peC_pos	0.131537	0.0654393	-0.341081	grip	316.793	fe	-78.0546	-72.2959	200.3
veC_pos	0.992717	0.389554	-1.23421	peC_pos	0.134539	0.0695757	-0.348539	grip	315.144	fe	-92.0352	-41.4041	171.551
veC_pos	1.02354	-0.0603649	-0.784843	peC_pos	0.138548	0.0711632	-0.353439	grip	313.501	fe	-94.6121	-19.2915	150.046
veC_pos	0.984964	-0.33482	-0.552166	peC_pos	0.142578	0.0709893	-0.356396	grip	311.864	fe	-93.7133	-5.39802	138.755
veC_pos	0.688137	-1.14397	-0.216138	peC_pos	0.146374	0.0697359	-0.358333	grip	310.233	fe	-79.8171	35.5639	121.974
veC_pos	0.11534	-2.19969	1.54463	peC_pos	0.149014	0.0651185	-0.359166	grip	308.609	fe	-51.7541	89.8882	33.6103
veC_pos	-0.148171	-1.52844	1.54152	peC_pos	0.149517	0.0563921	-0.353098	grip	306.991	fe	-38.4918	59.11	31.3218
veC_pos	-0.188269	-0.983903	1.25883	peC_pos	0.148946	0.0504361	-0.346929	grip	305.379	fe	-36.0716	33.793	43.0035
veC_pos	0.165926	0.787192	-1.0009	peC_pos	0.14812	0.046678	-0.341738	grip	303.774	fe	-53.2912	-53.5392	153.856
veC_pos	0.743021	0.784394	-1.21121	peC_pos	0.148502	0.0498155	-0.34549	grip	302.175	fe	-82.0247	-54.2727	164.959
veC_pos	1.00172	0.241115	-0.549129	peC_pos	0.151496	0.0528627	-0.350426	grip	300.583	fe	-95.6232	-27.9454	132.789
veC_pos	0.989035	-0.116267	0.0178374	peC_pos	0.15559	0.0538798	-0.352644	grip	298.998	fe	-95.9729	-10.2965	104.548
veC_pos	0.795818	-0.52205	0.578065	peC_pos	0.159475	0.0536065	-0.352315	grip	297.419	fe	-87.2217	10.1589	75.8818
veC_pos	-0.144646	-1.99746	2.63996	peC_pos	0.162273	0.0517203	-0.349486	grip	295.848	fe	-40.7759	84.5715	-28.6036
veC_pos	-0.740224	-1.38193	2.27877	peC_pos	0.16149	0.0435662	-0.33897	grip	294.283	fe	-10.5127	56.2758	-14.1852
veC_pos	-0.852579	-0.745829	1.65096	peC_pos	0.158554	0.0379364	-0.330053	grip	292.726	fe	-3.78379	26.1865	14.0671
veC_pos	-0.686187	-0.137019	0.850919	peC_pos	0.155213	0.0350298	-0.323557	grip	291.176	fe	-10.8849	-3.34886	51.6659
veC_pos	0.15802	1.60352	-1.37298	peC_pos	0.152479	0.0347512	-0.320048	grip	289.633	fe	-52.0638	-90.2409	161.345
veC_pos	0.714423	0.976124	-0.993282	peC_pos	0.153107	0.0412936	-0.3255	grip	288.097	fe	-79.8307	-60.7028	143.44
veC_pos	0.917509	0.463513	-0.594258	peC_pos	0.156018	0.045199	-0.329557	grip	286.569	fe	-90.5855	-36.1283	124.154
veC_pos	0.949867	0.0812603	-0.320416	peC_pos	0.159711	0.0470541	-0.331957	grip	285.048	fe	-93.0186	-17.4757	110.645
veC_pos	0.921623	-0.20516	-0.331846	peC_pos	0.16346	0.0474331	-0.333133	grip	283.535	fe	-92.4278	-3.19096	111.047
veC_pos	0.37609	-1.44524	0.570963	peC_pos	0.167022	0.0466827	-0.334269	grip	282.03	fe	-65.9095	59.0959	65.7256
veC_pos	-0.19788	-1.81352	1.33652	peC_pos	0.168448	0.0408899	-0.332014	grip	280.532	fe	-37.3611	79.2053	26.3149
veC_pos	-0.344043	-1.29518	1.1813	peC_pos	0.167683	0.0336374	-0.326766	grip	279.043	fe	-29.5886	55.3729	32.1165
veC_pos	-0.303692	-0.780151	0.740415	peC_pos	0.166294	0.028466	-0.322068	grip	277.561	fe	-30.9722	31.1065	52.3726
veC_pos	0.533471	0.973263	-1.58246	peC_pos	0.164976	0.0253621	-0.319027	grip	276.087	fe	-72.2212	-55.6653	167.202
veC_pos	1.04542	0.801604	-1.58875	peC_pos	0.167077	0.0293226	-0.325361	grip	274.621	fe	-98.1542	-48.1328	168.788
veC_pos	1.13966	0.357745	-1.06635	peC_pos	0.171319	0.0325784	-0.331786	grip	273.164	fe	-103.781	-26.7865	143.949
veC_pos	1.04007	0.148833	-0.763465	peC_pos	0.175932	0.0341286	-0.336023	grip	271.714	fe	-99.8066	-16.7149	129.476
veC_pos	0.88682	0.019322	-0.726248	peC_pos	0.180089	0.0348823	-0.33894	grip	270.273	fe	-93.0143	-10.3938	127.919
veC_pos	0.0198498	-1.39438	0.724068	peC_pos	0.183594	0.0350684	-0.3417	grip	268.841	fe	-50.3502	60.2911	55.6595
veC_pos	-0.51369	-1.32492	1.19325	peC_pos	0.183672	0.0294979	-0.338866	grip	267.417	fe	-23.4324	58.3577	30.9559
veC_pos	-0.578892	-0.829177	1.00166	peC_pos	0.181665	0.0242562	-0.334153	grip	266.001	fe	-19.3785	35.0067	38.8022
veC_pos	-0.460498	-0.293238	0.527158	peC_pos	0.179399	0.0210746	-0.330143	grip	264.594	fe	-24.4431	9.08566	60.996
veC_pos	0.485839	1.42622	-1.41646	peC_pos	0.177482	0.0201204	-0.327845	grip	263.196	fe	-71.0046	-76.6068	157.111
veC_pos	0.910621	0.733755	-0.975615	peC_pos	0.179381	0.0258979	-0.333463	grip	261.807	fe	-92.4942	-43.468	136.084
veC_pos	1.0225	0.229461	-0.508493	peC_pos	0.18308	0.0288759	-0.337416	grip	260.426	fe	-98.8039	-18.9931	113.297
veC_pos	0.967458	-0.0782271	-0.166566	peC_pos	0.187158	0.0299428	-0.339334	grip	259.055	fe	-96.8569	-3.84547	96.2343
veC_pos	0.883844	-0.180649	-0.150426	peC_pos	0.190915	0.0299098	-0.339693	grip	257.692	fe	-93.3894	1.32494	95.0574
veC_pos	0.802078	-0.205318	-0.395484	peC_pos	0.194321	0.029535	-0.339933	grip	256.338	fe	-89.9159	2.69495	106.912
veC_pos	-0.235272	-1.80754	1.16744	peC_pos	0.1976	0.0289688	-0.341385	grip	254.994	fe	-38.6231	82.9902	28.6791
veC_pos	-0.835828	-1.59928	1.71714	peC_pos	0.196632	0.0217504	-0.336792	grip	253.659	fe	-8.08615	74.4467	-0.426798
veC_pos	-0.901686	-0.963832	1.58908	peC_pos	0.193273	0.0153148	-0.33002	grip	252.333	fe	-3.68499	44.3271	3.82115
veC_pos	-0.743493	-0.414298	1.08423	peC_pos	0.1897	0.0114573	-0.323738	grip	251.017	fe	-10.4432	17.8389	27.052
veC_pos	0.365924	1.36787	-0.919381	peC_pos	0.186798	0.00988076	-0.319424	grip	249.71	fe	-64.9414	-70.861	125.732
veC_pos	0.802546	0.963301	-0.854703	peC_pos	0.188312	0.0154344	-0.323116	grip	248.412	fe	-86.9063	-51.9991	123.001
veC_pos	0.920001	0.512989	-0.624627	peC_pos	0.191508	0.0192814	-0.326569	grip	247.124	fe	-93.3264	-30.4143	111.935
veC_pos	0.920926	0.219254	-0.503981	peC_pos	0.195041	0.02128	-0.32904	grip	245.846	fe	-93.9964	-16.1943	106.092
veC_pos	0.886111	0.0686335	-0.435637	peC_pos	0.198495	0.0220769	-0.330988	grip	244.578	fe	-92.8529	-8.8312	102.734
veC_pos	0.262143	-0.8904	0.594333	peC_pos	0.201886	0.0222913	-0.332689	grip	243.319	fe	-62.2298	39.0961	51.233
veC_pos	-0.406416	-1.23127	1.3954	peC_pos	0.202923	0.0187557	-0.330359	grip	242.07	fe	-28.8008	57.0231	10.2002
veC_pos	-0.625076	-0.964641	1.57507	peC_pos	0.201318	0.0139089	-0.324811	grip	240.831	fe	-17.2299	44.8824	-0.528742
veC_pos	-0.545417	-0.595539	1.34813	peC_pos	0.198877	0.0101603	-0.318515	grip	239.602	fe	-20.3807	27.3425	8.9107
veC_pos	-0.040065	0.373906	0.522634	peC_pos	0.196758	0.00790025	-0.313085	grip	238.384	fe	-44.9007	-20.5786	48.5027
veC_pos	0.642355	1.01949	-0.294637	peC_pos	0.196481	0.0094551	-0.310882	grip	237.175	fe	-78.7182	-53.217	88.4654
veC_pos	0.85179	0.527429	-0.228647	peC_pos	0.199059	0.0135345	-0.312088	grip	235.976	fe	-89.5628	-29.5653	85.0778
veC_pos	0.898257	0.162533	-0.1708	peC_pos	0.202492	0.015726	-0.312994	grip	234.788	fe	-92.4556	-11.8189	82.0274
veC_pos	0.875347	-0.0389242	-0.209499	peC_pos	0.206027	0.0165706	-0.313545	grip	233.61	fe	-91.8974	-1.92484	83.7224
veC_pos	0.812785	-0.164564	-0.329878	peC_pos	0.209403	0.0166728	-0.314185	grip	232.443	fe	-89.3135	4.35273	89.524
veC_pos	-0.115234	-1.46507	0.719182	peC_pos	0.212514	0.0162417	-0.31534	grip	231.286	fe	-43.3898	69.4969	36.9746
veC_pos	-0.551329	-1.1466	0.871346	peC_pos	0.212	0.0103825	-0.31253	grip	230.139	fe	-21.2231	54.9404	28.3581
veC_pos	-0.570574	-0.645988	0.831353	peC_pos	0.209838	0.00578122	-0.30913	grip	229.003	fe	-19.5248	30.9755	29.2241
veC_pos	-0.436104	-0.234997	0.685779	peC_pos	0.20761	0.00324968	-0.305819	grip	227.878	fe	-25.5046	11.0093	35.4004
veC_pos	0.509282	1.34669	-0.559521	peC_pos	0.20587	0.00243171	-0.302989	grip	226.763	fe	-72.1478	-67.8858	96.6828
veC_pos	0.836986	1.04879	-0.532921	peC_pos	0.20782	0.00786462	-0.305148	grip	225.66	fe	-88.7459	-54.2141	95.5057
veC_pos	0.919605	0.596482	-0.404509	peC_pos	0.211191	0.0120601	-0.307301	grip	224.567	fe	-93.4067	-32.5324	89.2349
veC_pos	0.919826	0.191269	-0.362068	peC_pos	0.214905	0.0144831	-0.308909	grip	223.484	fe	-94.0193	-12.8002	87.1397
veC_pos	0.893621	-0.111211	-0.371585	peC_pos	0.218585	0.0153538	-0.31027	grip	222.413	fe	-93.2973	2.14565	87.5874
veC_pos	0.855369	-0.329223	-0.422171	peC_pos	0.222146	0.0150747	-0.311622	grip	221.353	fe	-91.9412	13.1243	90.0871
veC_pos	0.79607	-0.466053	-0.448948	peC_pos	0.22558	0.0139452	-0.313187	grip	220.304	fe	-89.4996	20.2305	91.4437
veC_pos	-0.235344	-1.88366	0.675056	peC_pos	0.228852	0.0122171	-0.314946	grip	219.266	fe	-38.4123	91.5041	35.3042
veC_pos	-0.684322	-1.61157	0.854007	peC_pos	0.227858	0.00462213	-0.312337	grip	218.239	fe	-15.5114	79.5696	25.4638
veC_pos	-0.683904	-1.06936	0.760738	peC_pos	0.225008	-0.00192841	-0.30902	grip	217.223	fe	-14.6818	53.8867	29.0895
veC_pos	-0.502695	-0.609876	0.502946	peC_pos	0.222144	-0.00627142	-0.306039	grip	216.219	fe	-22.897	31.8498	41.0241
veC_pos	0.735696	0.997987	-1.00954	peC_pos	0.220037	-0.00869402	-0.304036	grip	215.226	fe	-84.1424	-48.0282	115.914
veC_pos	1.19123	0.863822	-1.17356	peC_pos	0.223008	-0.00464383	-0.308087	grip	214.244	fe	-107.34	-42.1962	124.684
veC_pos	1.22673	0.415875	-1.00386	peC_pos	0.227783	-0.0011973	-0.312807	grip	213.274	fe	-109.917	-20.5384	116.907
veC_pos	1.13519	0.121685	-0.883152	peC_pos	0.232634	0.000437551	-0.316811	grip	212.315	fe	-106.151	-6.17713	111.421
veC_pos	1.03069	-0.0880419	-0.837369	peC_pos	0.237064	0.000880537	-0.320301	grip	211.368	fe	-101.642	4.21598	109.57
veC_pos	0.948885	-0.234328	-0.792726	peC_pos	0.241062	0.000465177	-0.323607	grip	210.433	fe	-98.1716	11.6185	107.734
veC_pos	0.416464	-0.934621	-0.167995	peC_pos	0.244803	-0.000534212	-0.326762	grip	209.509	fe	-72.1117	46.843	76.8592
veC_pos	-0.349694	-1.46219	0.539566	peC_pos	0.246493	-0.00426977	-0.327462	grip	208.597	fe	-33.9329	74	41.3293
veC_pos	-0.691467	-1.30844	0.821054	peC_pos	0.245102	-0.0100053	-0.325313	grip	207.696	fe	-16.3335	67.5002	26.5135
veC_pos	-0.673072	-0.953458	0.849615	peC_pos	0.242383	-0.0150152	-0.321994	grip	206.808	fe	-16.4731	50.7782	24.1101
veC_pos	-0.486091	-0.598939	0.737274	peC_pos	0.239775	-0.0185471	-0.318518	grip	205.931	fe	-25.0725	33.7664	28.7289
veC_pos	0.623739	0.847684	-0.293792	peC_pos	0.237906	-0.020644	-0.315437	grip	205.066	fe	-79.9734	-38.1508	79.3749
veC_pos	0.888986	0.5509	-0.269379	peC_pos	0.240422	-0.0171455	-0.316559	grip	204.213	fe	-93.5465	-24.0437	78.1143
veC_pos	0.90722	0.184265	-0.191448	peC_pos	0.24402	-0.0149539	-0.317662	grip	203.372	fe	-94.9877	-6.17203	74.1759
veC_pos	0.853774	-0.0557055	-0.182809	peC_pos	0.247613	-0.0142528	-0.318412	grip	202.543	fe	-92.841	5.67209	73.6325
veC_pos	0.803979	-0.22441	-0.304437	peC_pos	0.250904	-0.0145182	-0.319078	grip	201.726	fe	-90.8129	14.1492	79.5882
veC_pos	-0.216317	-1.50478	0.418059	peC_pos	0.253948	-0.0154883	-0.320234	grip	200.921	fe	-40.2077	78.3511	43.4388
veC_pos	-0.501617	-1.1551	0.389266	peC_pos	0.25299	-0.0215913	-0.318623	grip	200.129	fe	-25.5497	62.0761	44.3024
veC_pos	-0.451904	-0.706787	0.359221	peC_pos	0.251069	-0.0261639	-0.317101	grip	0	fe	22.5952	35.3394	-17.961
veC_pos	-0.014632	-0.0763574	-0.186915	peC_pos	0.24942	-0.02881	-0.315606	grip	0	fe	0.731602	3.81787	9.34576
veC_pos	0.551659	0.51346	-0.596313	peC_pos	0.249509	-0.0288297	-0.316177	grip	0	fe	-27.5829	-25.673	29.8156
veC_pos	1.39936	1.23675	-1.27621	peC_pos	0.251705	-0.0265104	-0.318305	grip	0	fe	-69.9682	-61.8373	63.8106
veC_pos	1.58721	0.831358	-1.24588	peC_pos	0.257296	-0.0215142	-0.323371	grip	0	fe	-79.3605	-41.5679	62.294
veC_pos	1.6237	0.449144	-1.2177	peC_pos	0.263674	-0.0182373	-0.328426	grip	0	fe	-81.1848	-22.4572	60.885
veC_pos	1.63739	0.16956	-1.27737	peC_pos	0.270187	-0.0164814	-0.333339	grip	0	fe	-81.8695	-8.47801	63.8686
veC_pos	1.67973	-0.0357319	-1.4724	peC_pos	0.276766	-0.0157873	-0.338434	grip	0	fe	-83.9863	1.78659	73.6202
veC_pos	0.630919	-1.31263	-0.681131	peC_pos	0.283535	-0.0158717	-0.344285	grip	0	fe	-31.546	65.6317	34.0565
veC_pos	0.25458	-1.07979	-0.510025	peC_pos	0.286064	-0.0210886	-0.347032	grip	0	fe	-12.729	53.9896	25.5012
veC_pos	0.316616	-0.659436	-0.593973	peC_pos	0.28699	-0.0254202	-0.349023	grip	0	fe	-15.8308	32.9718	29.6987
veC_pos	0.514288	-0.309412	-0.808906	peC_pos	0.288058	-0.0281045	-0.35128	grip	0	fe	-25.7144	15.4706	40.4453
veC_pos	0.812049	0.0493979	-1.18579	peC_pos	0.289827	-0.0294096	-0.354346	grip	0	fe	-40.6025	-2.46989	59.2894
veC_pos	2.33906	1.57472	-2.78068	peC_pos	0.292715	-0.029264	-0.358869	grip	0	fe	-116.953	-78.7358	139.034
veC_pos	2.5029	0.970923	-2.52482	peC_pos	0.301981	-0.022946	-0.370015	grip	0	fe	-125.145	-48.5462	126.241
veC_pos	2.38433	0.601203	-2.23406	peC_pos	0.312135	-0.0189364	-0.380167	grip	0	fe	-119.216	-30.0602	111.703
veC_pos	2.20685	0.454837	-2.05514	peC_pos	0.321878	-0.0162947	-0.389062	grip	0	fe	-110.343	-22.7419	102.757
veC_pos	1.98669	0.260929	-2.07482	peC_pos	0.330892	-0.0141945	-0.397172	grip	0	fe	-99.3347	-13.0464	103.741
veC_pos	0.523909	-1.07488	-0.843731	peC_pos	0.338904	-0.0129666	-0.405394	grip	0	fe	-26.1954	53.7439	42.1865
veC_pos	0.246707	-0.559895	-0.630707	peC_pos	0.340994	-0.0172641	-0.408772	grip	0	fe	-12.3354	27.9948	31.5354
veC_pos	0.381167	-0.0723309	-0.714782	peC_pos	0.341865	-0.0195221	-0.411169	grip	0	fe	-19.0583	3.61654	35.7391
veC_pos	0.508198	0.233057	-0.893061	peC_pos	0.343157	-0.0198253	-0.413797	grip	0	fe	-25.4099	-11.6529	44.653
veC_pos	2.4273	2.2504	-3.12575	peC_pos	0.34467	-0.0189218	-0.41695	grip	0	fe	-121.365	-112.52	156.288
veC_pos	2.36077	0.913964	-2.28599	peC_pos	0.354168	-0.0100785	-0.429498	grip	0	fe	-118.038	-45.6982	114.3
veC_pos	2.20592	0.383556	-1.82653	peC_pos	0.363751	-0.00641224	-0.438718	grip	0	fe	-110.296	-19.1778	91.3267
veC_pos	1.93088	0.0264314	-1.40088	peC_pos	0.372813	-0.00464354	-0.44592	grip	0	fe	-96.5439	-1.32157	70.0438
veC_pos	1.0828	-0.685929	-0.242072	peC_pos	0.38071	-0.00409203	-0.451209	grip	0	fe	-54.1402	34.2964	12.1036
veC_pos	-0.241325	-1.25648	0.733607	peC_pos	0.38489	-0.00630351	-0.451714	grip	0	fe	12.0663	62.8242	-36.6804
veC_pos	-0.623129	-0.627567	0.372208	peC_pos	0.383948	-0.01121	-0.448749	grip	0	fe	31.1565	31.3783	-18.6104
veC_pos	-0.595282	-0.117506	0.0623256	peC_pos	0.381533	-0.0137924	-0.447334	grip	0	fe	29.7641	5.87532	-3.11628
veC_pos	-0.427531	0.255928	-0.180102	peC_pos	0.379085	-0.014353	-0.447044	grip	0	fe	21.3766	-12.7964	9.00512
veC_pos	0.836244	1.88805	-1.96861	peC_pos	0.377092	-0.0133443	-0.447514	grip	0	fe	-41.8122	-94.4025	98.4305
veC_pos	1.67612	1.87162	-2.11395	peC_pos	0.37984	-0.00577314	-0.454997	grip	0	fe	-83.8061	-93.5811	105.697
veC_pos	1.74372	1.08704	-1.52855	peC_pos	0.386476	0.0015909	-0.463473	grip	0	fe	-87.1861	-54.3519	76.4277
veC_pos	1.60218	0.491022	-1.07065	peC_pos	0.39352	0.00580084	-0.469685	grip	0	fe	-80.1092	-24.5511	53.5324
veC_pos	1.29707	-0.0509613	-0.553411	peC_pos	0.399793	0.00762664	-0.47395	grip	0	fe	-64.8533	2.54807	27.6706
veC_pos	0.306798	-0.997955	0.64328	peC_pos	0.404482	0.00729693	-0.475969	grip	0	fe	-15.3399	49.8977	-32.164
veC_pos	-0.52252	-1.2197	1.01515	peC_pos	0.405001	0.00310656	-0.473257	grip	0	fe	26.126	60.9848	-50.7577
veC_pos	-0.690818	-0.812128	0.698787	peC_pos	0.402697	-0.00199693	-0.469308	grip	0	fe	34.5409	40.6064	-34.9393
veC_pos	-0.531711	-0.446085	0.40176	peC_pos	0.40002	-0.00529895	-0.466583	grip	0	fe	26.5856	22.3042	-20.088
veC_pos	-0.28377	-0.214811	0.188329	peC_pos	0.397962	-0.00697568	-0.464858	grip	0	fe	14.1885	10.7405	-9.41645
veC_pos	1.53672	1.59362	-1.89204	peC_pos	0.396723	-0.00765313	-0.463785	grip	0	fe	-76.8358	-79.6809	94.6022
veC_pos	1.86498	0.834115	-1.57048	peC_pos	0.402696	-0.00133874	-0.471265	grip	0	fe	-93.2488	-41.7057	78.5239
veC_pos	1.73918	0.167888	-1.0246	peC_pos	0.41022	0.00185978	-0.477635	grip	0	fe	-86.9589	-8.39439	51.2299
veC_pos	1.70208	0.0468204	-0.725864	peC_pos	0.417263	0.00249452	-0.481714	grip	0	fe	-85.1038	-2.34102	36.2932
veC_pos	0.731465	-0.837214	0.553686	peC_pos	0.423969	0.00277014	-0.484354	grip	0	fe	-36.5733	41.8607	-27.6843
veC_pos	-0.296812	-1.36677	1.24664	peC_pos	0.426431	-0.000487978	-0.481815	grip	0	fe	14.8406	68.3385	-62.3319
veC_pos	-0.634824	-1.20719	0.984733	peC_pos	0.425118	-0.00607354	-0.476872	grip	0	fe	31.7412	60.3596	-49.2367
veC_pos	-0.588977	-0.89504	0.524287	peC_pos	0.42265	-0.0110071	-0.47303	grip	0	fe	29.4489	44.752	-26.2143
veC_pos	-0.405836	-0.632076	0.111294	peC_pos	0.420301	-0.0145767	-0.47088	grip	0	fe	20.2918	31.6038	-5.56472
veC_pos	1.78262	1.63332	-2.56498	peC_pos	0.418501	-0.0169744	-0.470157	grip	0	fe	-89.1311	-81.6659	128.249
veC_pos	2.31431	1.50585	-2.49705	peC_pos	0.4253	-0.0104683	-0.480243	grip	0	fe	-115.715	-75.2926	124.852
veC_pos	2.43151	1.02898	-1.99882	peC_pos	0.434613	-0.00461188	-0.490325	grip	0	fe	-121.575	-51.4491	99.9409
veC_pos	2.36414	0.530227	-1.43843	peC_pos	0.444461	-0.000636217	-0.498346	grip	0	fe	-118.207	-26.5113	71.9214
veC_pos	1.69079	-0.304241	-0.288642	peC_pos	0.453878	0.00149906	-0.50384	grip	0	fe	-84.5394	15.2121	14.4321
veC_pos	0.235007	-1.37446	1.10777	peC_pos	0.460213	0.000546247	-0.504403	grip	0	fe	-11.7503	68.7228	-55.3886
veC_pos	-0.484685	-1.58344	1.15393	peC_pos	0.4609	-0.00488657	-0.499783	grip	0	fe	24.2343	79.1718	-57.6964
veC_pos	-0.650766	-1.48249	0.665508	peC_pos	0.458986	-0.0114086	-0.495331	grip	0	fe	32.5383	74.1244	-33.2754
veC_pos	-0.563491	-1.28886	0.060224	peC_pos	0.45631	-0.0176271	-0.492892	grip	0	fe	28.1745	64.4432	-3.0112
veC_pos	-0.104301	-0.639923	-1.01993	peC_pos	0.453731	-0.0230672	-0.492791	grip	0	fe	5.21504	31.9962	50.9963
veC_pos	2.14847	1.39536	-3.16266	peC_pos	0.452397	-0.025769	-0.496696	grip	0	fe	-107.423	-69.768	158.133
veC_pos	2.5947	1.31002	-2.95388	peC_pos	0.460549	-0.0203633	-0.509393	grip	0	fe	-129.735	-65.5009	147.694
veC_pos	2.63897	0.970275	-2.47482	peC_pos	0.47102	-0.0152506	-0.52131	grip	0	fe	-131.948	-48.5138	123.741
veC_pos	2.54319	0.691485	-2.05316	peC_pos	0.481635	-0.0114021	-0.531121	grip	0	fe	-127.159	-34.5743	102.658
veC_pos	2.3573	0.477597	-1.67867	peC_pos	0.491634	-0.00859117	-0.539051	grip	0	fe	-117.865	-23.8798	83.9334
veC_pos	-0.0556568	-1.2844	0.53104	peC_pos	0.500583	-0.00659382	-0.545347	grip	0	fe	2.78284	64.2199	-26.552
veC_pos	-0.644111	-1.18374	0.527084	peC_pos	0.500055	-0.0119432	-0.543322	grip	0	fe	32.2055	59.1868	-26.3542
veC_pos	-0.685162	-0.870478	0.13198	peC_pos	0.497563	-0.0168992	-0.541448	grip	0	fe	34.2581	43.5239	-6.59899
veC_pos	-0.331156	-0.293701	-0.559262	peC_pos	0.494999	-0.0204121	-0.541023	grip	0	fe	16.5578	14.685	27.9631
veC_pos	1.39215	1.30299	-2.10196	peC_pos	0.493603	-0.0212579	-0.542949	grip	0	fe	-69.6077	-65.1496	105.098
veC_pos	2.33597	1.65038	-2.53432	peC_pos	0.498855	-0.0157271	-0.550966	grip	0	fe	-116.799	-82.5192	126.716
veC_pos	2.52553	1.20002	-2.28948	peC_pos	0.508258	-0.00912484	-0.561091	grip	0	fe	-126.277	-60.0011	114.474
veC_pos	2.47123	0.650392	-1.95372	peC_pos	0.518411	-0.0044618	-0.570304	grip	0	fe	-123.562	-32.5196	97.6861
veC_pos	2.36652	0.237687	-1.7176	peC_pos	0.528071	-0.00198381	-0.578028	grip	0	fe	-118.326	-11.8844	85.8801
veC_pos	2.41478	0.127538	-1.72795	peC_pos	0.537081	-0.00109066	-0.584659	grip	0	fe	-120.739	-6.37689	86.3975
veC_pos	0.259275	-1.40181	-0.287406	peC_pos	0.546309	-0.000590077	-0.591278	grip	0	fe	-12.9637	70.0904	14.3703
veC_pos	-0.911374	-1.6922	0.529204	peC_pos	0.547348	-0.00619234	-0.59245	grip	0	fe	45.5687	84.6099	-26.4602
veC_pos	-1.00817	-1.37125	0.553454	peC_pos	0.543769	-0.0129695	-0.590332	grip	0	fe	50.4086	68.5626	-27.6727
veC_pos	-0.892546	-0.983478	0.415204	peC_pos	0.539894	-0.01843	-0.588052	grip	0	fe	44.6273	49.1739	-20.7602
veC_pos	1.01696	0.978743	-1.33584	peC_pos	0.536525	-0.022236	-0.586167	grip	0	fe	-50.8482	-48.9371	66.7921
veC_pos	2.32105	1.74672	-2.04028	peC_pos	0.540536	-0.0179458	-0.590977	grip	0	fe	-116.053	-87.3358	102.014
veC_pos	2.43444	1.35082	-1.78485	peC_pos	0.549947	-0.0109923	-0.599147	grip	0	fe	-121.722	-67.5409	89.2426
veC_pos	2.29198	0.796277	-1.4906	peC_pos	0.559536	-0.00584115	-0.606415	grip	0	fe	-114.599	-39.8139	74.5301
veC_pos	2.17717	0.372164	-1.31759	peC_pos	0.568092	-0.00293222	-0.612326	grip	0	fe	-108.858	-18.6082	65.8794
veC_pos	1.47806	-0.303526	-0.408504	peC_pos	0.575968	-0.00162894	-0.61733	grip	0	fe	-73.9031	15.1763	20.4252
veC_pos	-0.521833	-1.50917	0.909538	peC_pos	0.581207	-0.00265595	-0.61842	grip	0	fe	26.0916	75.4584	-45.4769
veC_pos	-1.38909	-1.67189	1.20993	peC_pos	0.5791	-0.00870453	-0.61483	grip	0	fe	69.4546	83.5946	-60.4966
veC_pos	-1.43152	-1.50863	1.00701	peC_pos	0.573521	-0.0155644	-0.610131	grip	0	fe	71.5762	75.4314	-50.3507
veC_pos	-1.17146	-1.23083	0.583102	peC_pos	0.567678	-0.0218154	-0.606187	grip	0	fe	58.5729	61.5416	-29.1551
veC_pos	0.328986	0.0710799	-0.812441	peC_pos	0.562635	-0.0269365	-0.60378	grip	0	fe	-16.4493	-3.55399	40.6221
veC_pos	2.07383	1.14016	-1.93061	peC_pos	0.563071	-0.0267273	-0.606712	grip	0	fe	-103.692	-57.008	96.5307
veC_pos	2.5014	0.986407	-1.89249	peC_pos	0.570993	-0.0223347	-0.614472	grip	0	fe	-125.07	-49.3204	94.6245
veC_pos	2.4704	0.591439	-1.60483	peC_pos	0.581143	-0.0184663	-0.622101	grip	0	fe	-123.52	-29.5719	80.2414
veC_pos	2.34534	0.269844	-1.42468	peC_pos	0.591152	-0.0159598	-0.628273	grip	0	fe	-117.267	-13.4922	71.2341
veC_pos	2.31082	0.11023	-1.47934	peC_pos	0.600477	-0.0145426	-0.633458	grip	0	fe	-115.541	-5.5115	73.9671
veC_pos	2.3369	-0.0468386	-2.16382	peC_pos	0.60957	-0.0136709	-0.638781	grip	0	fe	-116.845	2.34193	108.191
veC_pos	0.301014	-1.42751	-1.21241	peC_pos	0.618684	-0.0137401	-0.647219	grip	0	fe	-15.0507	71.3754	60.6206
veC_pos	-0.36799	-1.65714	-0.703784	peC_pos	0.61991	-0.0194904	-0.652077	grip	0	fe	18.3995	82.8569	35.1892
veC_pos	-0.263539	-1.51891	-0.692882	peC_pos	0.618368	-0.0261929	-0.654819	grip	0	fe	13.1769	75.9454	34.6441
veC_pos	0.124131	-1.08511	-1.07426	peC_pos	0.61711	-0.0323424	-0.657441	grip	0	fe	-6.20655	54.2556	53.7128
veC_pos	2.85702	0.973707	-2.97103	peC_pos	0.616919	-0.0366189	-0.66129	grip	0	fe	-142.851	-48.6853	148.551
veC_pos	3.42174	0.914492	-2.87618	peC_pos	0.627633	-0.0327589	-0.673023	grip	0	fe	-171.087	-45.7246	143.809
veC_pos	3.29988	0.403178	-2.3764	peC_pos	0.64134	-0.0292402	-0.684647	grip	0	fe	-164.994	-20.1589	118.82
veC_pos	3.02239	-0.0460635	-1.94399	peC_pos	0.654748	-0.0276004	-0.694027	grip	0	fe	-151.119	2.30317