-1
21
0.54631352674987577     0.10000000000000001     1       0.10000000000000001
-0.1516186715125275     -1      1       0.10000000000000001
-0.051654317646541409   -1      1       0.10000000000000001
0.11364487558260089     -1      1       0.10000000000000001
0.91169630307737648     -1      1       0.10000000000000001
0.1413203116018959      -1      1       0.10000000000000001
-0.39622802403938173    -1      1       0.10000000000000001
0.10000000000000001     0.10000000000000001     1       0.10000000000000001
0.060487267038236037    -1      1       0.10000000000000001
-0.0054879041812265217  -1      1       0.10000000000000001
0.41333639467266625     -1      1       0.10000000000000001
0.15255967085337024     -1      1       0.10000000000000001
0.020185976799544626    -1      1       0.10000000000000001
-0.30554005942109319    -1      1       0.10000000000000001
0.38472945871621989     0.10000000000000001     1       0.10000000000000001
0.00040011409065334597  -1      1       0.10000000000000001
-0.012930951944985451   -1      1       0.10000000000000001
-0.27679674298720441    -1      1       0.10000000000000001
-0.082454070799962309   -1      1       0.10000000000000001
-0.0012527570626989087  -1      1       0.10000000000000001
-0.40045908271219499    -1      1       0.10000000000000001
13.232752572328085      767     48      -1      -1
