veC_pos	1.25597	-10.9578	7.72026	peC_pos	0	-0.00647704	0.0110645	grip	1062.65	fe	-62.7983	554.77	-397.771
veC_pos	-0.333182	-5.48725	5.04668	peC_pos	0.0051246	-0.0503567	0.041739	grip	1065.29	fe	11.1999	328.007	-296.798
veC_pos	-2.03905	-1.98807	3.31936	peC_pos	0.00492434	-0.0714377	0.0628284	grip	1068	fe	96.6933	175.699	-233.069
veC_pos	-2.47385	-0.538105	2.278	peC_pos	-0.00217276	-0.0785947	0.0768023	grip	1070.76	fe	126.019	111.061	-196.137
veC_pos	-2.54434	0.0723601	1.60967	peC_pos	-0.011682	-0.0804233	0.0860887	grip	1073.58	fe	139.758	82.723	-172.907
veC_pos	-2.1975	0.0641147	1.3275	peC_pos	-0.0219223	-0.0802295	0.0921734	grip	1076.46	fe	133.474	83.1579	-165.596
veC_pos	-1.48683	-0.245513	1.29473	peC_pos	-0.0306575	-0.0802162	0.0969458	grip	1079.39	fe	107.433	98.86	-169.379
veC_pos	-0.109052	-0.796853	1.53899	peC_pos	-0.0359514	-0.0812578	0.10181	grip	1082.37	fe	44.3654	127.794	-187.146
veC_pos	1.43906	-0.989399	1.53288	peC_pos	-0.034989	-0.0841282	0.10789	grip	1085.41	fe	-33.9757	140.784	-193.75
veC_pos	2.3595	-0.615949	1.07157	peC_pos	-0.0278567	-0.0877511	0.113722	grip	1088.51	fe	-87.6528	126.315	-177.366
veC_pos	2.85091	-0.129738	0.523295	peC_pos	-0.0176206	-0.0901208	0.117493	grip	1091.65	fe	-123.31	104.868	-154.427
veC_pos	3.0308	0.305185	0.0492222	peC_pos	-0.00596945	-0.0907306	0.119087	grip	1094.85	fe	-145.004	84.0774	-132.843
veC_pos	2.99474	0.631278	-0.268511	peC_pos	0.00607726	-0.0896404	0.11898	grip	1098.1	fe	-156.41	66.8706	-117.227
veC_pos	2.78889	0.836182	-0.434133	peC_pos	0.0178979	-0.0871647	0.117886	grip	1101.41	fe	-159.157	54.1946	-108.133
veC_pos	2.35326	0.855947	-0.361903	peC_pos	0.0290115	-0.0837467	0.116382	grip	1104.76	fe	-149.714	49.7224	-110.479
veC_pos	0.869052	1.34361	-0.443132	peC_pos	0.0385262	-0.0802443	0.115143	grip	1108.16	fe	-86.1458	21.7431	-105.44
veC_pos	-0.740529	2.12507	-0.703802	peC_pos	0.0420485	-0.0748661	0.113372	grip	1111.61	fe	-9.71509	-23.0313	-90.8355
veC_pos	-1.52924	2.34935	-0.883196	peC_pos	0.0390585	-0.0663948	0.110481	grip	1115.11	fe	32.9074	-43.43	-79.0385
veC_pos	-1.7854	2.16517	-1.06361	peC_pos	0.0329757	-0.0570157	0.106884	grip	1118.66	fe	52.3814	-44.4776	-66.3855
veC_pos	-1.76287	1.79723	-1.20138	peC_pos	0.026015	-0.0483175	0.102641	grip	1122.25	fe	58.9483	-35.637	-55.12
veC_pos	-1.42205	1.23997	-1.13916	peC_pos	0.0192697	-0.0410228	0.097951	grip	1125.89	fe	49.4068	-15.8112	-53.3238
veC_pos	-0.438613	0.387148	-0.716942	peC_pos	0.0139018	-0.0358748	0.0936629	grip	1129.57	fe	6.22753	21.1658	-69.952
veC_pos	0.953745	-0.342868	-0.289751	peC_pos	0.0123128	-0.0340745	0.0911826	grip	1133.3	fe	-61.6413	55.7601	-88.8499
veC_pos	2.10352	-0.624704	-0.0834221	peC_pos	0.0160865	-0.0353156	0.090223	grip	1137.07	fe	-123.468	71.3917	-98.4191
veC_pos	2.68463	-0.575214	-0.10076	peC_pos	0.0244985	-0.0378363	0.089798	grip	1140.89	fe	-162.181	71.9278	-97.4116
veC_pos	2.73772	-0.374676	-0.230907	peC_pos	0.0354826	-0.0401697	0.0891495	grip	1144.75	fe	-177.504	64.718	-90.5083
veC_pos	2.41704	-0.119212	-0.376622	peC_pos	0.0469662	-0.0416078	0.0879676	grip	1148.65	fe	-174.8	53.7533	-82.2126
veC_pos	1.84243	0.153356	-0.461074	peC_pos	0.0574072	-0.0419126	0.0862642	grip	1152.59	fe	-158.288	40.6401	-76.3733
veC_pos	-0.894429	1.43901	-0.888278	peC_pos	0.0656917	-0.0410639	0.0842884	grip	1156.57	fe	-31.2554	-24.4572	-53.0711
veC_pos	-2.29676	1.91116	-0.950783	peC_pos	0.0625039	-0.0352488	0.080557	grip	1160.58	fe	42.2969	-54.6487	-45.954
veC_pos	-2.70648	1.71238	-0.824843	peC_pos	0.0533133	-0.0276654	0.0765784	grip	1164.64	fe	73.2333	-53.3989	-47.9441
veC_pos	-2.67992	1.3339	-0.693622	peC_pos	0.0423883	-0.020859	0.0732418	grip	1168.73	fe	84.4553	-42.3166	-50.919
veC_pos	-2.29704	0.845107	-0.441685	peC_pos	0.03167	-0.0154618	0.0706055	grip	1172.86	fe	77.7075	-24.1207	-60.7263
veC_pos	-0.977477	-0.0321513	0.193669	peC_pos	0.0226067	-0.0118728	0.0691704	grip	1177.03	fe	22.2651	15.5822	-91.099
veC_pos	0.829052	-0.664661	0.584566	peC_pos	0.0188063	-0.0116776	0.0703904	grip	1181.23	fe	-63.6672	47.0269	-112.375
veC_pos	1.91935	-0.652403	0.508504	peC_pos	0.0221109	-0.0142035	0.0728591	grip	1185.46	fe	-122.179	49.4578	-111.797
veC_pos	2.18682	-0.319879	0.167546	peC_pos	0.0297906	-0.0168441	0.0747572	grip	1189.73	fe	-144.784	36.0339	-97.3181
veC_pos	1.94874	0.0784915	-0.301355	peC_pos	0.0386242	-0.0181565	0.0752509	grip	1194.03	fe	-143.555	17.7548	-74.7839
veC_pos	1.23478	0.629174	-0.898706	peC_pos	0.0466217	-0.0177755	0.0739794	grip	1198.36	fe	-117.608	-10.1573	-43.7185
veC_pos	-0.471152	1.62541	-1.70655	peC_pos	0.0519816	-0.0149922	0.0705547	grip	1202.72	fe	-38.9616	-63.2389	0.470291
veC_pos	-2.03504	1.95128	-2.00333	peC_pos	0.0507217	-0.00804512	0.0640727	grip	1207.11	fe	40.5252	-87.8529	22.8242
veC_pos	-2.81589	1.52551	-1.82798	peC_pos	0.042973	1.28314e-05	0.0561573	grip	1211.52	fe	88.7318	-76.2912	23.3631
veC_pos	-3.04608	0.806054	-1.40449	peC_pos	0.0317953	0.00613746	0.0487078	grip	1215.97	fe	113.642	-47.7657	10.9975
veC_pos	-2.89846	0.0833249	-0.942244	peC_pos	0.0195946	0.00932629	0.04294	grip	1220.44	fe	121.009	-15.5484	-5.29353
veC_pos	-2.50829	-0.486976	-0.5564	peC_pos	0.00803732	0.00972856	0.0392132	grip	1224.94	fe	115.569	12.4319	-20.2138
veC_pos	-1.66993	-0.989125	-0.189923	peC_pos	-0.00190009	0.00801917	0.0372816	grip	1229.46	fe	85.8324	39.597	-36.34
veC_pos	0.0783259	-1.66384	0.36833	peC_pos	-0.00859101	0.00438298	0.0369383	grip	1234.01	fe	6.68506	77.7834	-63.9986
veC_pos	1.39705	-1.73474	0.457235	peC_pos	-0.00840366	-0.00206776	0.0386275	grip	1238.57	fe	-59.4441	89.2979	-70.7047
veC_pos	1.9383	-1.32275	0.181159	peC_pos	-0.00291529	-0.00900796	0.0403621	grip	1243.16	fe	-93.2911	77.336	-59.2348
veC_pos	2.03637	-0.756229	-0.211845	peC_pos	0.0048353	-0.0143971	0.0408542	grip	1247.78	fe	-107.852	55.7758	-40.3847
veC_pos	1.35446	0.340005	-0.986355	peC_pos	0.0131474	-0.0174861	0.0398035	grip	1252.41	fe	-84.189	4.89951	-0.532502
veC_pos	-0.781419	1.95218	-1.9254	peC_pos	0.0191152	-0.0159345	0.0359309	grip	1257.06	fe	15.0421	-77.5784	51.103
veC_pos	-2.04168	2.23474	-2.00623	peC_pos	0.0166784	-0.00783541	0.0283161	grip	1261.73	fe	81.0405	-101.851	64.5844
veC_pos	-2.57501	1.8328	-1.69617	peC_pos	0.00878911	0.00114651	0.0201117	grip	1266.41	fe	117.62	-93.092	59.3391
veC_pos	-2.74663	1.2034	-1.244	peC_pos	-0.00152339	0.00836859	0.0130225	grip	1271.11	fe	139.268	-70.8073	45.6467
veC_pos	-2.25278	0.178679	-0.383915	peC_pos	-0.0125216	0.0131129	0.00783843	grip	1275.83	fe	128.614	-25.6637	9.19524
veC_pos	-0.0747965	-1.41015	0.981847	peC_pos	-0.0211235	0.0141301	0.00651881	grip	1280.56	fe	30.7898	52.4129	-57.4401
veC_pos	1.276	-1.71927	1.02552	peC_pos	-0.0206504	0.00900959	0.0106912	grip	1285.3	fe	-37.2582	74.3833	-65.0173
veC_pos	1.89825	-1.49622	0.519357	peC_pos	-0.015142	0.00228656	0.0146391	grip	1290.06	fe	-75.3783	71.8611	-44.8531
veC_pos	2.11744	-1.06164	-0.188532	peC_pos	-0.00751141	-0.003822	0.0163918	grip	1294.83	fe	-96.146	58.031	-11.7979
veC_pos	1.58612	-0.110084	-1.17286	peC_pos	0.0008764	-0.00823892	0.0153919	grip	1299.6	fe	-80.445	16.2115	38.6397
veC_pos	-0.778544	1.62424	-2.31268	peC_pos	0.00748847	-0.00850166	0.0109144	grip	1304.39	fe	29.1593	-70.1228	101.398
veC_pos	-1.90792	1.76999	-2.43597	peC_pos	0.00506794	-0.00160464	0.00194179	grip	1309.18	fe	88.761	-86.3986	119.256
veC_pos	-2.36838	1.34764	-2.2011	peC_pos	-0.0021492	0.00563898	-0.00782371	grip	1313.99	fe	121.243	-74.7917	120.335
veC_pos	-2.55219	0.814095	-1.84071	peC_pos	-0.0115223	0.0109916	-0.016827	grip	1318.79	fe	142.805	-55.2005	114.227
veC_pos	-2.47233	0.21322	-1.32391	peC_pos	-0.0217522	0.0141369	-0.0244155	grip	1323.61	fe	152.408	-29.3728	98.5121
veC_pos	-1.76592	-0.673961	-0.395352	peC_pos	-0.0315496	0.0149631	-0.0297869	grip	1328.42	fe	130.208	13.8208	59.3372
veC_pos	0.0581633	-1.80628	0.810671	peC_pos	-0.0381449	0.0125313	-0.0311142	grip	1333.24	fe	47.9483	73.6069	0.949341
veC_pos	1.33916	-1.95613	0.981215	peC_pos	-0.0372457	0.00566983	-0.0276586	grip	1338.07	fe	-17.1209	90.2199	-12.0517
veC_pos	1.9964	-1.59212	0.608085	peC_pos	-0.0315427	-0.00207543	-0.0238615	grip	1342.89	fe	-57.4615	82.3931	1.6392
veC_pos	2.08934	-0.868661	-0.104613	peC_pos	-0.0235251	-0.00856228	-0.0217023	grip	1347.72	fe	-72.7621	54.9726	34.4792
veC_pos	1.45262	0.191066	-1.00248	peC_pos	-0.0152512	-0.012101	-0.022237	grip	1352.54	fe	-52.0033	6.81374	80.2002
veC_pos	-0.652937	1.65857	-1.9627	peC_pos	-0.00928235	-0.0110394	-0.0259081	grip	1357.36	fe	45.2463	-67.9438	133.301
veC_pos	-1.53047	1.68999	-2.03255	peC_pos	-0.0115792	-0.00405371	-0.0334485	grip	1362.18	fe	92.2963	-78.9775	147.19
veC_pos	-1.94483	1.31388	-1.80222	peC_pos	-0.0176152	0.00280912	-0.0415402	grip	1366.99	fe	121.321	-69.5339	146.896
veC_pos	-2.10061	0.808486	-1.43674	peC_pos	-0.0254474	0.00798381	-0.0488967	grip	1371.8	fe	139.939	-51.3765	138.914
veC_pos	-1.97234	0.200739	-0.930935	peC_pos	-0.033825	0.0110805	-0.0548299	grip	1376.61	fe	145.181	-25.2905	122.026
veC_pos	-0.847852	-0.936068	0.223725	peC_pos	-0.0413599	0.0118532	-0.0585933	grip	1381.41	fe	99.5273	30.4294	69.7548
veC_pos	1.34544	-2.05592	1.43408	peC_pos	-0.0437672	0.00841743	-0.0574572	grip	1386.19	fe	-6.6023	91.128	7.94266
veC_pos	2.40925	-1.94425	1.4059	peC_pos	-0.0374806	0.000369168	-0.0518584	grip	1390.98	fe	-68.328	96.6988	1.83896
veC_pos	2.90552	-1.45779	0.971301	peC_pos	-0.0275797	-0.00752252	-0.0466558	grip	1395.75	fe	-106.782	83.389	16.5547
veC_pos	2.25809	-0.240928	0.0560856	peC_pos	-0.0161746	-0.0134556	-0.043078	grip	1400.51	fe	-90.2519	30.8911	57.5267
veC_pos	-0.260106	1.54441	-1.11415	peC_pos	-0.00720289	-0.0139486	-0.0424384	grip	1405.26	fe	23.1272	-57.6191	115.344
veC_pos	-1.55589	1.76477	-1.3303	peC_pos	-0.00787253	-0.00711552	-0.0464088	grip	1409.99	fe	88.8947	-78.2055	131.951
veC_pos	-2.08435	1.33253	-1.15426	peC_pos	-0.0139614	0.000186374	-0.0517142	grip	1414.71	fe	123.969	-66.8899	130.874
veC_pos	-2.24318	0.727714	-0.887621	peC_pos	-0.0223837	0.00543328	-0.056574	grip	1419.42	fe	143.931	-44.0978	124.683
veC_pos	-2.13172	0.0799539	-0.557335	peC_pos	-0.0313547	0.00817838	-0.0603157	grip	1424.11	fe	151.238	-15.6446	113.763
veC_pos	-1.25343	-0.877973	0.279383	peC_pos	-0.0394993	0.00849184	-0.0624393	grip	1428.79	fe	119.107	31.7656	75.2432
veC_pos	1.63403	-2.29828	1.87447	peC_pos	-0.0433538	0.00545061	-0.060742	grip	1433.44	fe	-19.556	107.101	-6.65352
veC_pos	2.68226	-2.03181	1.71178	peC_pos	-0.0356387	-0.00333576	-0.0531597	grip	1438.08	fe	-82.8614	106.388	-9.14104
veC_pos	2.87937	-1.34484	1.12156	peC_pos	-0.0245097	-0.0114788	-0.0466695	grip	1442.7	fe	-108.608	83.8023	11.252
veC_pos	2.32984	-0.435778	0.344235	peC_pos	-0.0131308	-0.016934	-0.0424825	grip	1447.3	fe	-97.4877	46.2974	44.2732
veC_pos	0.817779	0.733518	-0.493395	peC_pos	-0.00411575	-0.0184529	-0.0409605	grip	1451.88	fe	-34.9134	-9.88451	84.1393
veC_pos	-1.27892	1.68503	-1.18481	peC_pos	-0.000780651	-0.0148364	-0.0423068	grip	1456.43	fe	65.083	-62.6432	120.857
veC_pos	-2.02585	1.57118	-1.19826	peC_pos	-0.00582677	-0.00764514	-0.046707	grip	1460.96	fe	109.805	-67.3898	128.15
veC_pos	-2.22482	1.1668	-1.03331	peC_pos	-0.0140831	-0.00128633	-0.0515161	grip	1465.47	fe	131.879	-56.4549	127.161
veC_pos	-2.1415	0.703746	-0.855431	peC_pos	-0.0230972	0.00327614	-0.0558265	grip	1469.95	fe	141.027	-40.0031	124.834
veC_pos	-1.90244	0.270698	-0.762089	peC_pos	-0.0314695	0.0060062	-0.0594124	grip	1474.4	fe	141.521	-22.3905	125.702
veC_pos	-1.49976	-0.102726	-0.808883	peC_pos	-0.0384505	0.00713481	-0.0625304	grip	1478.83	fe	131.85	-5.41489	132.916
veC_pos	1.27656	-1.25462	0.235173	peC_pos	-0.0434044	0.00690444	-0.0658128	grip	1483.23	fe	0.55093	52.49	85.857
veC_pos	2.06631	-1.33325	0.482439	peC_pos	-0.037872	0.00189092	-0.0651676	grip	1487.6	fe	-46.9772	63.8497	72.8216
veC_pos	1.9669	-1.09868	0.335219	peC_pos	-0.0296986	-0.00355291	-0.0634832	grip	1491.95	fe	-54.0362	60.235	77.9524
veC_pos	1.49409	-0.759741	0.0548829	peC_pos	-0.0221706	-0.00800968	-0.0621698	grip	1496.26	fe	-41.5314	49.9716	90.2777
veC_pos	0.545254	-0.173114	-0.424732	peC_pos	-0.0165864	-0.0109805	-0.0616868	grip	1500.53	fe	-2.37423	25.1323	113.8
veC_pos	-2.19762	0.896722	-1.495	peC_pos	-0.0145644	-0.0113402	-0.0626776	grip	1504.78	fe	131.797	-27.7716	169.066
veC_pos	-2.73106	0.583625	-1.37303	peC_pos	-0.0233287	-0.00762642	-0.0684716	grip	1508.99	fe	171.756	-17.673	171.975
veC_pos	-2.61385	0.0647012	-1.01307	peC_pos	-0.0342754	-0.00540155	-0.0741797	grip	1513.17	fe	182.557	4.93841	162.9
veC_pos	-2.24001	-0.386353	-0.645366	peC_pos	-0.0445928	-0.00521376	-0.0783747	grip	1517.32	fe	179.662	27.2285	151.187
veC_pos	-1.30681	-0.922778	0.0187016	peC_pos	-0.0530649	-0.00659417	-0.0807653	grip	1521.42	fe	146.075	56.1714	121.943
veC_pos	1.95137	-1.88361	1.69352	peC_pos	-0.0571531	-0.00967116	-0.080073	grip	1525.49	fe	-10.3818	108.934	37.4749
veC_pos	2.78316	-1.43908	1.67076	peC_pos	-0.0484517	-0.0169539	-0.0734539	grip	1529.53	fe	-65.0501	97.8856	28.8115
veC_pos	2.73847	-0.750299	1.23906	peC_pos	-0.0370987	-0.0228384	-0.0671921	grip	1533.52	fe	-80.032	72.5381	41.0875
veC_pos	2.02123	0.0492618	0.5767	peC_pos	-0.026319	-0.0259805	-0.0624275	grip	1537.47	fe	-60.5966	37.4813	67.1457
veC_pos	-0.642537	1.49106	-0.6489	peC_pos	-0.0185284	-0.025699	-0.0597757	grip	1541.39	fe	60.6864	-34.941	124.583
veC_pos	-2.01026	1.7853	-1.15401	peC_pos	-0.02102	-0.0194435	-0.0618462	grip	1545.26	fe	132.994	-59.2197	153.269
veC_pos	-2.17659	1.36861	-1.10895	peC_pos	-0.0291045	-0.0123278	-0.0665046	grip	1549.09	fe	153.915	-49.3338	158.47
veC_pos	-1.93859	0.799649	-0.908196	peC_pos	-0.0378034	-0.00700988	-0.0712609	grip	1552.88	fe	155.634	-29.0969	156.07
veC_pos	-1.52768	0.255898	-0.732123	peC_pos	-0.0451793	-0.00387743	-0.0751688	grip	1556.63	fe	146.711	-6.75919	153.616
veC_pos	-1.12244	-0.107757	-0.963395	peC_pos	-0.0504155	-0.00274044	-0.0781916	grip	1560.33	fe	134.787	9.66385	170.174
veC_pos	1.09154	-0.957554	-0.119567	peC_pos	-0.0537949	-0.00304785	-0.082199	grip	1563.99	fe	29.5573	52.6445	134.536
veC_pos	2.1153	-1.26255	0.603984	peC_pos	-0.0491462	-0.00692368	-0.08296	grip	1567.6	fe	-28.7236	73.981	99.8486
veC_pos	2.06603	-1.2248	0.749298	peC_pos	-0.04095	-0.0120803	-0.080626	grip	1571.16	fe	-38.9624	80.2199	89.2116
veC_pos	1.70535	-1.03679	0.634061	peC_pos	-0.0330492	-0.0170172	-0.0774609	grip	1574.68	fe	-33.2259	78.6361	90.2729
veC_pos	0.430353	-0.492464	-0.412144	peC_pos	-0.0265021	-0.0211064	-0.0744875	grip	1578.15	fe	20.3065	57.9322	138.159
veC_pos	-2.1216	0.309039	-2.05147	peC_pos	-0.0250707	-0.0229525	-0.0754976	grip	1581.57	fe	145.731	20.8489	221.978
veC_pos	-2.51916	0.162058	-2.1995	peC_pos	-0.0336641	-0.0217078	-0.0836908	grip	1584.94	fe	179.313	26.3027	242.62
veC_pos	-2.10828	-0.228447	-1.86814	peC_pos	-0.0435828	-0.0211266	-0.092725	grip	1588.26	fe	174.635	44.9768	240.678
veC_pos	-1.61976	-0.501908	-1.51079	peC_pos	-0.0516228	-0.0220608	-0.100322	grip	1591.53	fe	163.147	60.2058	235.204
veC_pos	-1.24506	-0.612068	-1.27214	peC_pos	-0.0575564	-0.024025	-0.106339	grip	1594.75	fe	154.041	68.9172	233.19
veC_pos	-1.17362	-0.516101	-1.41318	peC_pos	-0.0619222	-0.0263973	-0.11132	grip	1597.91	fe	157.628	67.9856	248.539
veC_pos	0.56276	-0.934189	-0.630782	peC_pos	-0.0659652	-0.0284344	-0.116941	grip	1601.03	fe	77.4741	92.2338	218.765
veC_pos	1.7419	-1.08589	0.504173	peC_pos	-0.063651	-0.032209	-0.119609	grip	1604.09	fe	15.0067	105.961	166.655
veC_pos	1.80536	-0.901797	0.935171	peC_pos	-0.0570898	-0.0366018	-0.11752	grip	1607.09	fe	1.48065	103.912	142.107
veC_pos	1.28494	-0.454103	0.766034	peC_pos	-0.0503862	-0.0402234	-0.113477	grip	1610.05	fe	16.877	87.4666	144.402
veC_pos	-2.00551	0.838806	-1.5615	peC_pos	-0.0458224	-0.0419688	-0.109685	grip	1612.94	fe	174.184	25.753	254.991
veC_pos	-2.17876	0.664041	-1.63626	peC_pos	-0.05413	-0.0386157	-0.115814	grip	1615.78	fe	196.4	29.1925	268.944
veC_pos	-1.58164	0.199329	-1.23103	peC_pos	-0.0627873	-0.0360765	-0.122581	grip	1618.57	fe	180.708	48.4258	259.957
veC_pos	-0.972975	-0.189449	-0.863338	peC_pos	-0.0686717	-0.0353332	-0.127561	grip	1621.29	fe	159.986	66.7579	249.981
veC_pos	-0.525744	-0.441274	-0.652158	peC_pos	-0.0718168	-0.0360476	-0.130804	grip	1623.96	fe	142.915	80.6037	245.028
veC_pos	0.514776	-0.754661	-0.416951	peC_pos	-0.0729271	-0.0377013	-0.133007	grip	1626.57	fe	92.8826	99.057	237.193
veC_pos	2.17207	-1.07338	1.08374	peC_pos	-0.0703621	-0.0407143	-0.134786	grip	1629.13	fe	6.02549	119.998	165.397
veC_pos	2.33402	-0.878439	1.64852	peC_pos	-0.0620257	-0.0451155	-0.130589	grip	1631.62	fe	-15.4985	117.533	130.646
veC_pos	1.7307	-0.446144	1.51955	peC_pos	-0.0533448	-0.0487767	-0.123893	grip	1634.05	fe	0.633444	102.011	126.471
veC_pos	-1.76858	0.767731	-1.17273	peC_pos	-0.047194	-0.0506909	-0.117292	grip	1636.43	fe	165.659	44.5655	250.576
veC_pos	-2.39313	0.807787	-1.66216	peC_pos	-0.0546816	-0.0476369	-0.1218	grip	1638.74	fe	209.266	37.6751	282.707
veC_pos	-1.72456	0.332622	-1.27462	peC_pos	-0.0642476	-0.0445438	-0.128658	grip	1640.99	fe	191.657	56.4649	274.858
veC_pos	-1.08112	-0.0567222	-0.878664	peC_pos	-0.070801	-0.0433072	-0.133814	grip	1643.18	fe	170.395	73.9976	263.814
veC_pos	-0.767934	-0.285709	-0.807644	peC_pos	-0.0745504	-0.0435605	-0.137136	grip	1645.31	fe	161.055	85.9559	266.013
veC_pos	0.0551991	-0.638159	-0.649022	peC_pos	-0.0769058	-0.0447246	-0.140034	grip	1647.37	fe	123.933	105.586	263.14
veC_pos	1.49806	-0.872099	0.618134	peC_pos	-0.0760995	-0.0472735	-0.142585	grip	1649.38	fe	50.6135	121.577	204.269
veC_pos	1.9671	-0.754882	1.4535	peC_pos	-0.0702682	-0.0507823	-0.140216	grip	1651.31	fe	17.68	121.602	158.866
veC_pos	1.74344	-0.490457	1.63907	peC_pos	-0.0628676	-0.0539344	-0.134364	grip	1653.19	fe	16.76	113.686	140.174
veC_pos	1.14325	-0.14101	1.27933	peC_pos	-0.0563876	-0.0561066	-0.127591	grip	1655	fe	36.159	99.9069	147.197
veC_pos	-0.865052	0.342542	-0.783572	peC_pos	-0.0523478	-0.0569258	-0.121976	grip	1656.74	fe	129.98	77.1844	241.262
veC_pos	-1.97985	0.596741	-1.87788	peC_pos	-0.0562386	-0.0556139	-0.124865	grip	1658.43	fe	192.26	62.3945	300.973
veC_pos	-1.60999	0.388559	-1.69471	peC_pos	-0.0641522	-0.0533081	-0.132515	grip	1660.04	fe	186.995	69.0656	304.716
veC_pos	-1.06223	0.164869	-1.28144	peC_pos	-0.0702158	-0.0518607	-0.139388	grip	1661.59	fe	169.781	77.9278	295.677
veC_pos	-0.74865	0.035243	-1.01874	peC_pos	-0.073843	-0.0513094	-0.144431	grip	1663.07	fe	160.239	83.5692	291.136
veC_pos	-0.635288	-0.0781983	-1.05333	peC_pos	-0.0761033	-0.051304	-0.148319	grip	1664.49	fe	158.438	89.305	299.542
veC_pos	0.175481	-0.392895	-0.742425	peC_pos	-0.0778528	-0.0518103	-0.152368	grip	1665.84	fe	120.916	105.953	290.942
veC_pos	1.14398	-0.517231	0.279073	peC_pos	-0.0765161	-0.0534809	-0.155385	grip	1667.13	fe	70.3629	115.021	245.093
veC_pos	1.57457	-0.410713	1.20968	peC_pos	-0.0720187	-0.0555744	-0.15438	grip	1668.35	fe	41.4238	113.253	197.076
veC_pos	1.49688	-0.250425	1.64401	peC_pos	-0.0662453	-0.0573664	-0.149491	grip	1669.49	fe	35.7521	108.294	167.374
veC_pos	1.12774	-0.0965586	1.57735	peC_pos	-0.0609026	-0.058691	-0.142697	grip	1670.58	fe	45.3555	102.876	159.518
veC_pos	-0.090713	-0.0411441	-0.0673075	peC_pos	-0.0570452	-0.0595482	-0.135977	grip	1671.59	fe	99.8919	101.597	230.664
veC_pos	-1.8528	0.237421	-1.89089	peC_pos	-0.0579112	-0.0599087	-0.135958	grip	1672.54	fe	189.499	88.3285	321.94
veC_pos	-1.77746	0.0926746	-1.97597	peC_pos	-0.0653388	-0.0589886	-0.143607	grip	1673.42	fe	198.212	94.0788	339.114
veC_pos	-1.13145	-0.210392	-1.47228	peC_pos	-0.0722654	-0.0587767	-0.151587	grip	1674.23	fe	177.561	108.925	327.405
veC_pos	-0.673045	-0.431644	-1.03593	peC_pos	-0.0766303	-0.0598683	-0.157255	grip	1674.97	fe	162.005	121.86	315.194
veC_pos	-0.444641	-0.593025	-0.925978	peC_pos	-0.079279	-0.0618985	-0.160919	grip	1675.64	fe	155.075	133.371	315.94
veC_pos	0.586975	-0.895487	-0.487311	peC_pos	-0.0810715	-0.0646069	-0.164042	grip	1676.24	fe	106.547	153.071	299.339
veC_pos	1.61611	-0.842538	0.609785	peC_pos	-0.0785816	-0.0683311	-0.165694	grip	1676.78	fe	50.9585	156.703	247.344
veC_pos	1.99866	-0.489614	1.54341	peC_pos	-0.0720957	-0.0717568	-0.163336	grip	1677.24	fe	20.9893	144.834	196.785
veC_pos	1.75877	-0.0929902	1.84815	peC_pos	-0.0641821	-0.0740062	-0.157242	grip	1677.64	fe	19.7358	128.805	171.389
veC_pos	1.15278	0.297669	1.60349	peC_pos	-0.0572723	-0.0748998	-0.14978	grip	1677.97	fe	38.4622	110.796	171.151
veC_pos	-0.1034	0.48145	-0.166759	peC_pos	-0.0528859	-0.074356	-0.143048	grip	1678.23	fe	93.9245	100.714	248.405
veC_pos	-2.00848	0.954812	-2.04475	peC_pos	-0.053719	-0.0726868	-0.143386	grip	1678.42	fe	190.587	74.2581	342.898
veC_pos	-1.95623	0.896968	-2.17015	peC_pos	-0.0618509	-0.0688587	-0.151573	grip	1678.53	fe	201.63	70.7333	362.928
veC_pos	-1.25762	0.596493	-1.65886	peC_pos	-0.0695452	-0.0653491	-0.160404	grip	1678.58	fe	179.619	79.8693	352.194
veC_pos	-0.676393	0.32037	-1.095	peC_pos	-0.0743478	-0.0631122	-0.167059	grip	1678.56	fe	158.617	89.9195	335.169
veC_pos	-0.354427	0.110297	-0.655204	peC_pos	-0.0768462	-0.0620126	-0.171299	grip	1678.48	fe	146.706	98.5718	320.282
veC_pos	-0.203312	-0.0732196	-0.408907	peC_pos	-0.078164	-0.0617536	-0.173699	grip	1678.32	fe	141.35	107.303	311.968
veC_pos	0.477396	-0.416402	-0.0382457	peC_pos	-0.078992	-0.0622104	-0.175111	grip	1678.09	fe	108.686	125.215	295.764
veC_pos	1.18122	-0.600973	0.692719	peC_pos	-0.0771071	-0.0639329	-0.175103	grip	1677.79	fe	70.3086	137.315	259.151
veC_pos	1.46346	-0.499271	1.3853	peC_pos	-0.072408	-0.0663302	-0.172349	grip	1677.43	fe	48.286	136.228	219.838
veC_pos	1.3994	-0.308733	1.75321	peC_pos	-0.0664744	-0.0684767	-0.166893	grip	1676.99	fe	41.507	130.271	192.218
veC_pos	1.16699	-0.114406	1.76797	peC_pos	-0.0606159	-0.0700682	-0.159962	grip	1676.49	fe	43.272	123.189	179.776
veC_pos	0.885379	-0.0335863	1.22439	peC_pos	-0.05554	-0.0710182	-0.152926	grip	1675.91	fe	48.8113	120.699	195.071
veC_pos	-0.397276	0.2196	-0.263566	peC_pos	-0.051695	-0.0715806	-0.147984	grip	1675.27	fe	106.467	108.937	261.092
veC_pos	-1.30786	0.47666	-1.21721	peC_pos	-0.0531808	-0.0707753	-0.148994	grip	1674.56	fe	154.447	94.6843	310.359
veC_pos	-1.28369	0.49	-1.32394	peC_pos	-0.0584146	-0.068855	-0.153925	grip	1673.78	fe	161.958	90.7479	323.832
veC_pos	-0.953064	0.404564	-1.11368	peC_pos	-0.0636321	-0.0669642	-0.159254	grip	1672.93	fe	154.105	91.7982	322.105
veC_pos	-0.67554	0.326645	-0.898218	peC_pos	-0.067566	-0.0654979	-0.163617	grip	1672.01	fe	146.748	93.1811	318.481
veC_pos	-0.503563	0.253853	-0.797319	peC_pos	-0.0703935	-0.064395	-0.167018	grip	1671.03	fe	142.808	94.9133	318.958
veC_pos	-0.134833	0.0520707	-0.787733	peC_pos	-0.0725085	-0.0636067	-0.169987	grip	1669.98	fe	127.829	103.618	323.262
veC_pos	0.824734	-0.261271	-0.248911	peC_pos	-0.0730569	-0.0636036	-0.172954	grip	1668.86	fe	80.6848	119.209	301.081
veC_pos	1.35804	-0.236415	0.566956	peC_pos	-0.0696905	-0.0647166	-0.173938	grip	1667.67	fe	48.3191	119.747	261.724
veC_pos	1.39992	-0.0638208	1.19546	peC_pos	-0.0642995	-0.0657455	-0.171731	grip	1666.42	fe	37.1539	112.75	226.402
veC_pos	1.08209	0.118509	1.414	peC_pos	-0.0587903	-0.0662691	-0.166931	grip	1665.09	fe	43.7872	104.419	207.256
veC_pos	0.791023	0.168264	1.24952	peC_pos	-0.0545029	-0.0662406	-0.161133	grip	1663.71	fe	51.1256	101.792	205.602
veC_pos	-1.23015	0.591507	-0.691566	peC_pos	-0.0514076	-0.0660953	-0.155874	grip	1662.25	fe	146.96	80.2917	293.681
veC_pos	-1.86031	0.735454	-1.26244	peC_pos	-0.056338	-0.063772	-0.15853	grip	1660.73	fe	186.578	69.1356	326.398
veC_pos	-1.40305	0.500747	-0.989709	peC_pos	-0.0637641	-0.0608526	-0.163696	grip	1659.15	fe	175.947	75.9261	321.081
veC_pos	-0.836818	0.239117	-0.594931	peC_pos	-0.0694548	-0.0589296	-0.167745	grip	1657.5	fe	156.962	85.7197	307.783
veC_pos	-0.439522	0.0566341	-0.312933	peC_pos	-0.0729897	-0.058086	-0.170095	grip	1655.78	fe	142.831	93.346	297.287
veC_pos	-0.198781	-0.0667863	-0.233205	peC_pos	-0.0750115	-0.0579817	-0.171239	grip	1654	fe	134.008	99.2411	294.89
veC_pos	0.524258	-0.351696	-0.130648	peC_pos	-0.0760933	-0.0583703	-0.172052	grip	1652.16	fe	99.5052	114.022	290.789
veC_pos	1.32357	-0.502278	0.393001	peC_pos	-0.0741757	-0.0598244	-0.17247	grip	1650.25	fe	56.2296	123.839	264.968
veC_pos	1.59773	-0.349972	0.905284	peC_pos	-0.0689179	-0.0618323	-0.170924	grip	1648.28	fe	33.7091	119.415	236.466
veC_pos	1.50592	-0.118273	1.19244	peC_pos	-0.0624596	-0.0633434	-0.167347	grip	1646.24	fe	27.5275	110.192	215.872
veC_pos	1.23066	0.10361	1.23654	peC_pos	-0.0562576	-0.0640711	-0.162572	grip	1644.14	fe	30.9627	100.162	205.465
veC_pos	1.00195	0.229283	1.10875	peC_pos	-0.0510698	-0.0639977	-0.157557	grip	1641.98	fe	33.7582	93.6189	203.268
veC_pos	0.26133	0.37583	0.207216	peC_pos	-0.0468426	-0.0634222	-0.152988	grip	1639.76	fe	63.7442	85.2057	240.504
veC_pos	-0.730105	0.625228	-0.776549	peC_pos	-0.0457503	-0.0620392	-0.152053	grip	1637.48	fe	111.42	70.3263	287.811
veC_pos	-1.00894	0.669907	-1.04375	peC_pos	-0.0486623	-0.0595147	-0.155188	grip	1635.13	fe	130.017	63.8193	305.94
veC_pos	-0.842053	0.561897	-0.886455	peC_pos	-0.0527404	-0.0568383	-0.159456	grip	1632.73	fe	128.214	64.7068	304.671
veC_pos	-0.62461	0.439383	-0.670389	peC_pos	-0.056239	-0.0546558	-0.16303	grip	1630.27	fe	122.915	67.1344	299.302
veC_pos	-0.474235	0.335184	-0.581089	peC_pos	-0.058955	-0.0530118	-0.165647	grip	1627.74	fe	119.675	69.5305	298.685
veC_pos	-0.168067	0.152934	-0.632285	peC_pos	-0.0611222	-0.0518173	-0.16785	grip	1625.16	fe	107.737	76.5649	304.398
veC_pos	0.66232	-0.137385	-0.303456	peC_pos	-0.0620239	-0.051353	-0.170239	grip	1622.52	fe	67.5192	90.1907	291.39
veC_pos	1.28766	-0.201191	0.335576	peC_pos	-0.059453	-0.051957	-0.171411	grip	1619.83	fe	31.9207	94.2207	260.877
veC_pos	1.5096	-0.101954	0.937605	peC_pos	-0.0543328	-0.0527944	-0.17012	grip	1617.07	fe	12.3801	90.4699	228.216
veC_pos	1.39482	0.0359525	1.25049	peC_pos	-0.048301	-0.0533338	-0.166386	grip	1614.26	fe	8.22951	84.297	206.066
veC_pos	1.07729	0.167693	1.28068	peC_pos	-0.0426661	-0.053436	-0.161312	grip	1611.39	fe	14.8873	77.7217	195.903
veC_pos	0.629123	0.186185	0.638706	peC_pos	-0.0382517	-0.0530734	-0.156008	grip	1608.47	fe	30.0706	76.0577	218.999
veC_pos	-1.18612	0.653396	-1.24276	peC_pos	-0.0357653	-0.0525421	-0.153259	grip	1605.49	fe	116.727	51.6863	308.194
veC_pos	-1.83476	0.781207	-1.79626	peC_pos	-0.0405035	-0.0498693	-0.158233	grip	1602.46	fe	156.643	40.8534	343.376
veC_pos	-1.52259	0.500319	-1.46142	peC_pos	-0.0479088	-0.0467795	-0.165575	grip	1599.38	fe	152.754	49.8022	337.888
veC_pos	-1.11761	0.186228	-1.02305	peC_pos	-0.0543049	-0.0449317	-0.171453	grip	1596.24	fe	142.564	62.4104	324.833
veC_pos	-0.854484	-0.0378882	-0.765757	peC_pos	-0.0593395	-0.0443819	-0.175409	grip	1593.05	fe	137.255	72.597	317.723
veC_pos	-0.00391518	-0.457725	-0.542768	peC_pos	-0.0634814	-0.0447092	-0.178276	grip	1589.81	fe	101.119	93.9654	310.563
veC_pos	1.24464	-0.830546	0.502892	peC_pos	-0.0640704	-0.0466293	-0.180244	grip	1586.52	fe	39.4169	115.506	260.815
veC_pos	1.72158	-0.722113	1.3421	peC_pos	-0.0591898	-0.0499823	-0.178288	grip	1583.18	fe	7.62889	115.237	215.156
veC_pos	1.65434	-0.467652	1.63525	peC_pos	-0.0520202	-0.0530674	-0.172952	grip	1579.79	fe	-0.536059	107.218	191.465
veC_pos	1.22587	-0.111536	1.44073	peC_pos	-0.0448719	-0.0552522	-0.166311	grip	1576.35	fe	9.43987	92.6734	190.127
veC_pos	-0.626472	0.680683	-0.429555	peC_pos	-0.0393711	-0.0559991	-0.160267	grip	1572.86	fe	93.2487	54.0445	273.555
veC_pos	-1.31809	1.03703	-1.08274	peC_pos	-0.0416554	-0.0532657	-0.161862	grip	1569.32	fe	131.275	31.7397	308.15
veC_pos	-1.10964	0.950203	-0.97395	peC_pos	-0.0468715	-0.049121	-0.166288	grip	1565.74	fe	128.871	29.4006	309.061
veC_pos	-0.743429	0.776419	-0.732385	peC_pos	-0.0513275	-0.0453758	-0.170296	grip	1562.11	fe	117.351	32.0612	302.641
veC_pos	-0.445823	0.619094	-0.565193	peC_pos	-0.0543117	-0.0423547	-0.173265	grip	1558.44	fe	106.933	35.0526	298.283
veC_pos	-0.139437	0.430246	-0.518223	peC_pos	-0.0560725	-0.0399759	-0.175517	grip	1554.73	fe	94.1491	40.6393	298.791
veC_pos	0.857204	-0.0769092	0.071386	peC_pos	-0.0565598	-0.0383518	-0.177567	grip	1550.96	fe	44.8621	63.3278	271.832
veC_pos	1.37319	-0.275215	0.79196	peC_pos	-0.0530631	-0.038687	-0.177316	grip	1547.16	fe	13.4374	73.6159	234.738
veC_pos	1.44384	-0.309249	1.3068	peC_pos	-0.047638	-0.0398278	-0.174166	grip	1543.32	fe	1.32876	76.9293	203.454
veC_pos	1.18873	-0.252217	1.41662	peC_pos	-0.0419253	-0.0411856	-0.168833	grip	1539.43	fe	5.10448	76.0134	189.077
veC_pos	0.932657	-0.265209	0.999629	peC_pos	-0.0371073	-0.0423754	-0.162925	grip	1535.51	fe	10.3456	78.3281	200.19
veC_pos	-0.96932	0.459934	-0.941759	peC_pos	-0.0333536	-0.043597	-0.15867	grip	1531.54	fe	99.5483	43.7738	290.097
veC_pos	-1.32872	0.467502	-1.20181	peC_pos	-0.0371514	-0.041724	-0.162425	grip	1527.54	fe	123.186	40.3597	308.201
veC_pos	-1.03716	0.191771	-0.855854	peC_pos	-0.042487	-0.0398809	-0.16738	grip	1523.49	fe	116.587	51.1698	297.796
veC_pos	-0.74954	-0.0051403	-0.562668	peC_pos	-0.0468407	-0.0391873	-0.17084	grip	1519.42	fe	108.648	59.7989	287.71
veC_pos	-0.576854	-0.0782828	-0.531039	peC_pos	-0.0501882	-0.0392968	-0.172973	grip	1515.3	fe	104.893	63.4607	288.658
veC_pos	0.860118	-0.636658	0.26524	peC_pos	-0.0528768	-0.0397015	-0.174934	grip	1511.15	fe	36.899	91.8279	251.09
veC_pos	1.70678	-0.690228	1.22612	peC_pos	-0.0495107	-0.0422489	-0.173838	grip	1506.97	fe	-10.7283	98.1791	200.662
veC_pos	1.90498	-0.485968	1.7947	peC_pos	-0.0426661	-0.0451003	-0.168994	grip	1502.75	fe	-31.1324	92.0728	164.221
veC_pos	1.58091	-0.123712	1.71097	peC_pos	-0.0350052	-0.0472629	-0.161688	grip	1498.5	fe	-26.5904	77.009	156.741
veC_pos	-0.48423	1.09539	0.201649	peC_pos	-0.0286746	-0.048015	-0.154437	grip	1494.22	fe	67.0575	16.9755	220.679
veC_pos	-1.37023	1.53779	-0.856264	peC_pos	-0.0302023	-0.0437288	-0.153089	grip	1489.9	fe	113.51	-11.7381	270.901
veC_pos	-1.0564	1.24395	-0.678292	peC_pos	-0.035509	-0.0376774	-0.156619	grip	1485.56	fe	105.571	-6.22561	266.582
veC_pos	-0.571834	0.854637	-0.275568	peC_pos	-0.039696	-0.0328399	-0.159486	grip	1481.19	fe	87.3889	5.91021	250.007
veC_pos	-0.257225	0.562723	-0.120159	peC_pos	-0.0418737	-0.0295677	-0.160381	grip	1476.79	fe	74.6998	15.5291	242.857
veC_pos	0.265488	0.211383	-0.162247	peC_pos	-0.0426838	-0.0274853	-0.160325	grip	1472.36	fe	49.5715	29.8991	244.168
veC_pos	1.45823	-0.336294	1.03319	peC_pos	-0.0411846	-0.0267911	-0.160489	grip	1467.91	fe	-12.4563	56.1415	183.923
veC_pos	1.90312	-0.489418	2.21828	peC_pos	-0.035185	-0.0281914	-0.156417	grip	1463.43	fe	-43.6653	65.727	117.991
veC_pos	1.69839	-0.443363	2.47385	peC_pos	-0.0276688	-0.0303017	-0.147638	grip	1458.93	fe	-44.5526	66.3761	91.6995
veC_pos	1.25375	-0.271362	2.20789	peC_pos	-0.020906	-0.0323075	-0.137678	grip	1454.4	fe	-32.2819	60.5561	89.8439
veC_pos	0.563231	0.0652013	1.41337	peC_pos	-0.0157659	-0.0336486	-0.12857	grip	1449.85	fe	-5.30335	45.5254	115.739
veC_pos	-1.3124	0.963773	-1.09765	peC_pos	-0.013259	-0.0335796	-0.122377	grip	1445.28	fe	84.7832	0.343223	231.752
veC_pos	-1.42786	0.845016	-1.4656	peC_pos	-0.0182995	-0.0296946	-0.126652	grip	1440.69	fe	97.7569	0.529854	255.746
veC_pos	-1.0423	0.465396	-1.10897	peC_pos	-0.023974	-0.0263557	-0.132678	grip	1436.08	fe	86.5433	14.579	245.984
veC_pos	-0.722754	0.203193	-0.765658	peC_pos	-0.0282526	-0.024595	-0.137176	grip	1431.45	fe	76.5798	25.0468	234.642
veC_pos	-0.58294	0.109223	-0.710516	peC_pos	-0.0313318	-0.0239111	-0.14013	grip	1426.8	fe	73.8512	28.6552	235.464
veC_pos	-0.195452	-0.0412554	-0.770759	peC_pos	-0.0338703	-0.0236183	-0.142794	grip	1422.14	fe	57.9407	35.6512	241.61
veC_pos	0.874185	-0.460504	0.342668	peC_pos	-0.0346945	-0.023891	-0.145752	grip	1417.46	fe	5.46866	56.8897	189.463
veC_pos	1.34617	-0.57316	1.42114	peC_pos	-0.0311749	-0.0257509	-0.144434	grip	1412.76	fe	-23.2659	65.0379	132.994
veC_pos	1.29105	-0.478336	1.69465	peC_pos	-0.0257796	-0.0281405	-0.138695	grip	1408.05	fe	-28.2535	63.5401	110.558
veC_pos	1.04039	-0.27254	1.5439	peC_pos	-0.0205384	-0.0302034	-0.131694	grip	1403.33	fe	-23.1976	56.0123	107.615
veC_pos	0.106964	0.278848	-0.286739	peC_pos	-0.016238	-0.0314553	-0.125083	grip	1398.6	fe	17.3623	30.0509	189.278
veC_pos	-1.28933	1.05377	-2.27592	peC_pos	-0.01582	-0.0303235	-0.125962	grip	1393.86	fe	86.5172	-10.4217	289.369
veC_pos	-1.08493	0.710897	-2.0596	peC_pos	-0.0208749	-0.0260842	-0.135203	grip	1389.1	fe	83.2437	0.688704	290.79
veC_pos	-0.741974	0.31717	-1.47274	peC_pos	-0.0251757	-0.0233281	-0.143587	grip	1384.34	fe	71.9504	16.4355	272.41
veC_pos	-0.501677	0.0727073	-0.979605	peC_pos	-0.0281836	-0.0221999	-0.149441	grip	1379.57	fe	63.9651	26.9909	255.144
veC_pos	0.649007	-0.54176	0.248235	peC_pos	-0.0302894	-0.0220607	-0.153174	grip	1374.79	fe	9.19125	57.4169	198.171
veC_pos	1.47565	-0.975441	2.25445	peC_pos	-0.027651	-0.0242481	-0.152239	grip	1370.01	fe	-35.9006	81.9922	95.8462
veC_pos	1.34319	-0.811385	2.57396	peC_pos	-0.0217461	-0.0283435	-0.14322	grip	1365.22	fe	-37.4712	79.2643	66.8286
veC_pos	0.35374	0.125191	1.72109	peC_pos	-0.0163246	-0.0318514	-0.13273	grip	1360.43	fe	4.52153	37.072	94.5158
veC_pos	-1.53035	1.5031	-1.18516	peC_pos	-0.0145263	-0.0315718	-0.124809	grip	1355.63	fe	96.2097	-32.3553	228.453
veC_pos	-1.02459	0.9742	-0.952484	peC_pos	-0.0202032	-0.0256454	-0.129535	grip	1350.84	fe	78.5206	-14.0673	222.604
veC_pos	-0.452666	0.378255	-0.40505	peC_pos	-0.0242584	-0.0218894	-0.133576	grip	1346.04	fe	55.2861	10.5512	200.051
veC_pos	-0.0454087	-0.0619972	0.106766	peC_pos	-0.0262506	-0.0205359	-0.135052	grip	1341.24	fe	37.4788	30.6435	175.799
veC_pos	0.473834	-0.531848	0.96781	peC_pos	-0.026717	-0.0209206	-0.134013	grip	1336.45	fe	12.0141	54.5517	130.711
veC_pos	1.92672	-1.41511	3.76047	peC_pos	-0.0250976	-0.0230998	-0.128967	grip	1331.65	fe	-62.9145	101.517	-16.284
veC_pos	2.01432	-1.02505	4.28797	peC_pos	-0.0172551	-0.0288441	-0.113518	grip	1326.86	fe	-77.8211	89.5245	-63.7765
veC_pos	1.59425	-0.441524	3.92638	peC_pos	-0.00905398	-0.0331418	-0.0966235	grip	1322.07	fe	-67.7423	65.8922	-68.5753
veC_pos	1.02244	0.120342	3.13656	peC_pos	-0.00251597	-0.0351438	-0.0811526	grip	1317.29	fe	-47.8078	40.2777	-49.9261
veC_pos	0.0349217	0.918339	1.74939	peC_pos	0.00181427	-0.0349124	-0.0684784	grip	1312.52	fe	-4.12735	-0.0938683	2.40961
veC_pos	-1.50515	1.89589	-0.833236	peC_pos	0.00246425	-0.0314335	-0.0607066	grip	1307.75	fe	72.0347	-53.6874	121.051
veC_pos	-1.41605	1.54854	-1.2967	peC_pos	-0.00313026	-0.0239072	-0.0637838	grip	1302.99	fe	74.8812	-46.276	147.945
veC_pos	-0.979511	1.01666	-1.26241	peC_pos	-0.00864391	-0.0177793	-0.0691189	grip	1298.24	fe	60.1974	-27.7511	152.853
veC_pos	-0.570306	0.58528	-1.17641	peC_pos	-0.0125459	-0.0137932	-0.0742774	grip	1293.5	fe	44.7434	-11.4226	154.898
veC_pos	-0.283785	0.300438	-1.13498	peC_pos	-0.0148041	-0.0115419	-0.0788896	grip	1288.77	fe	33.2684	-0.147068	158.419
veC_pos	-0.0997663	0.15468	-1.30794	peC_pos	-0.0158358	-0.0104376	-0.0831584	grip	1284.05	fe	25.3223	5.6684	172.177
veC_pos	0.7235	-0.316258	-0.565751	peC_pos	-0.0159962	-0.00993355	-0.0880506	grip	1279.35	fe	-15.7104	28.5213	140.935
veC_pos	1.30575	-0.707967	0.800282	peC_pos	-0.0129801	-0.0112229	-0.0903649	grip	1274.65	fe	-48.7425	49.7037	75.1699
veC_pos	1.12846	-0.668852	1.15559	peC_pos	-0.00792882	-0.0141472	-0.0872626	grip	1269.98	fe	-46.3535	51.4093	53.042
veC_pos	0.800319	-0.553288	1.13071	peC_pos	-0.00370165	-0.016966	-0.0825839	grip	1265.32	fe	-35.3322	49.1317	47.9596
veC_pos	-0.0167636	0.0562658	-0.644899	peC_pos	-0.000802612	-0.0193611	-0.0777833	grip	1260.68	fe	1.85002	21.5949	130.305
veC_pos	-1.43184	0.986895	-3.25436	peC_pos	-0.00123225	-0.0191623	-0.0800187	grip	1256.05	fe	73.1397	-25.2759	263.226
veC_pos	-1.21	0.497857	-3.03226	peC_pos	-0.00687519	-0.015156	-0.093206	grip	1251.45	fe	69.1039	-5.92596	268.255
veC_pos	-0.829572	-0.0633701	-2.45409	peC_pos	-0.0116127	-0.0132137	-0.105467	grip	1246.86	fe	55.958	19.6441	254.207
veC_pos	-0.560633	-0.443186	-1.93276	peC_pos	-0.0149817	-0.0135713	-0.115198	grip	1242.3	fe	46.6434	39.0189	239.748
veC_pos	-0.384682	-0.789872	-1.08176	peC_pos	-0.0174608	-0.0154594	-0.122679	grip	1237.75	fe	40.8463	58.6286	205.934
veC_pos	1.37699	-1.98312	2.39735	peC_pos	-0.0195685	-0.0187037	-0.126698	grip	1233.23	fe	-44.7169	122.222	36.3808
veC_pos	1.58244	-1.6272	3.00439	peC_pos	-0.0137619	-0.0268015	-0.11727	grip	1228.74	fe	-62.2123	114.292	-6.12628
veC_pos	1.37555	-1.06942	2.71401	peC_pos	-0.00687363	-0.033632	-0.105281	grip	1224.27	fe	-60.3621	94.6457	-6.80924
veC_pos	0.694746	-0.0630551	1.88086	peC_pos	-0.000837769	-0.0382396	-0.0942492	grip	1219.82	fe	-33.7154	49.7982	20.924
veC_pos	-1.71951	1.96531	-1.73022	peC_pos	0.00258124	-0.0387942	-0.0857828	grip	1215.4	fe	82.8382	-51.1152	190.771
veC_pos	-1.46315	1.56093	-1.57641	peC_pos	-0.00383895	-0.0310533	-0.0927032	grip	1211.01	fe	77.8064	-40.4409	191.085
veC_pos	-0.975209	1.04368	-1.08726	peC_pos	-0.00961309	-0.0249663	-0.0992219	grip	1206.64	fe	60.36	-22.0587	174.089
veC_pos	-0.545798	0.6558	-0.690463	peC_pos	-0.0134224	-0.0209475	-0.103263	grip	1202.31	fe	43.4278	-7.60469	158.677
veC_pos	0.0123185	0.213973	-0.0987769	peC_pos	-0.0153265	-0.0184599	-0.105197	grip	1198	fe	17.7453	11.4164	130.966
veC_pos	1.70597	-0.962966	2.91162	peC_pos	-0.0146384	-0.0177036	-0.104192	grip	1193.73	fe	-67.8243	69.2816	-21.2041
veC_pos	1.66945	-0.633423	3.07785	peC_pos	-0.00707516	-0.0217087	-0.0924204	grip	1189.49	fe	-75.0567	57.4934	-43.9595
veC_pos	1.23913	-0.198613	2.60122	peC_pos	-0.000227175	-0.0244259	-0.0804311	grip	1185.28	fe	-61.6872	38.8821	-34.7279
veC_pos	0.644642	0.225114	1.79701	peC_pos	0.00455771	-0.0253979	-0.0702195	grip	1181.1	fe	-37.6152	18.7419	-6.91419
veC_pos	-0.525616	0.993079	0.408674	peC_pos	0.00683896	-0.0246909	-0.0628451	grip	1176.96	fe	18.2316	-20.5937	53.5327
veC_pos	-1.70948	1.68381	-1.57438	peC_pos	0.00474881	-0.0209036	-0.0604337	grip	1172.86	fe	79.9044	-59.6735	149.599
veC_pos	-1.55702	1.21264	-1.8348	peC_pos	-0.0017698	-0.0142865	-0.0665037	grip	1168.79	fe	79.9196	-43.9342	169.469
veC_pos	-1.14853	0.587213	-1.5737	peC_pos	-0.0078317	-0.0095488	-0.0740573	grip	1164.76	fe	66.5485	-18.2386	164.944
veC_pos	-0.792709	0.115919	-1.29108	peC_pos	-0.0124563	-0.00732545	-0.080446	grip	1160.77	fe	54.0943	2.70716	157.933
veC_pos	-0.506154	-0.173142	-1.17954	peC_pos	-0.0158012	-0.00699619	-0.0853653	grip	1156.81	fe	43.5867	16.7504	157.729
veC_pos	-0.019536	-0.285226	-1.4788	peC_pos	-0.0180578	-0.0078207	-0.0895058	grip	1152.9	fe	21.7955	23.2778	177.131
veC_pos	1.20576	-1.00767	0.413271	peC_pos	-0.0181069	-0.00902708	-0.095188	grip	1149.02	fe	-39.4829	60.756	88.7094
veC_pos	1.37694	-1.01051	1.13474	peC_pos	-0.0132498	-0.0131257	-0.0936454	grip	1145.19	fe	-53.6733	65.557	50.5046
veC_pos	1.17241	-0.777551	1.09032	peC_pos	-0.00777864	-0.0173396	-0.089205	grip	1141.4	fe	-49.7419	58.6689	47.3025
veC_pos	0.931698	-0.456207	0.67993	peC_pos	-0.00314746	-0.0206621	-0.084774	grip	1137.65	fe	-43.0042	46.3166	62.4465
veC_pos	0.127741	0.422705	-1.5951	peC_pos	0.000464278	-0.0227271	-0.0817306	grip	1133.94	fe	-6.9135	4.63601	172.433
veC_pos	-1.20907	1.54443	-4.2759	peC_pos	0.000707033	-0.0210705	-0.0878633	grip	1130.28	fe	59.6543	-53.4058	313.106
veC_pos	-1.0893	1.17671	-4.15111	peC_pos	-0.00396675	-0.0148473	-0.105152	grip	1126.67	fe	58.9341	-42.1074	326.026
veC_pos	-0.75276	0.608841	-3.51714	peC_pos	-0.00806126	-0.0102464	-0.12184	grip	1123.1	fe	46.6916	-18.9343	312.695
veC_pos	-0.546951	0.222119	-2.94804	peC_pos	-0.0108937	-0.00799791	-0.135731	grip	1119.58	fe	39.5439	-2.15166	299.364
veC_pos	-0.912724	0.410612	-3.1251	peC_pos	-0.0130334	-0.00731522	-0.147199	grip	1116.1	fe	60.1829	-12.366	320.544
veC_pos	0.766349	-1.18589	0.224307	peC_pos	-0.016659	-0.00582697	-0.159907	grip	1112.68	fe	-19.7813	65.7778	166.709
veC_pos	1.08124	-1.5324	1.72432	peC_pos	-0.0134758	-0.0106773	-0.158759	grip	1109.3	fe	-39.1131	88.4642	89.8952
veC_pos	0.893895	-1.35103	1.79986	peC_pos	-0.00897291	-0.0171284	-0.151482	grip	1105.97	fe	-34.771	86.4948	77.5418
veC_pos	0.796412	-0.988447	1.22418	peC_pos	-0.00521504	-0.0228779	-0.143883	grip	1102.69	fe	-34.07	74.6497	97.4498
veC_pos	-1.28495	1.18224	-3.27999	peC_pos	-0.00210414	-0.0271989	-0.138527	grip	1099.47	fe	66.5611	-29.2079	316.305
veC_pos	-1.04638	0.830079	-2.92683	peC_pos	-0.00716988	-0.0224639	-0.151789	grip	1096.29	fe	60.1792	-16.877	312.746
veC_pos	-0.641749	0.314397	-2.2532	peC_pos	-0.0113967	-0.0192899	-0.163355	grip	1093.17	fe	44.546	5.36726	291.235
veC_pos	-0.352363	-0.031267	-1.68773	peC_pos	-0.0141458	-0.0182187	-0.171919	grip	1090.1	fe	33.0385	21.4235	271.795
veC_pos	-0.319879	-0.091435	-1.39796	peC_pos	-0.0158527	-0.0185019	-0.178109	grip	1087.08	fe	33.2272	24.6848	263.518
veC_pos	0.834502	-1.20349	1.25693	peC_pos	-0.0175603	-0.0189764	-0.183233	grip	1084.12	fe	-22.6877	80.7475	135.8
veC_pos	1.12413	-1.29182	2.35519	peC_pos	-0.0141084	-0.0238604	-0.178273	grip	1081.21	fe	-40.9525	90.3894	74.9916
veC_pos	1.01131	-1.02194	2.40673	peC_pos	-0.00930272	-0.0292647	-0.168827	grip	1078.36	fe	-40.5337	82.6548	61.7202
veC_pos	0.605264	-0.33235	1.78524	peC_pos	-0.00492613	-0.0336385	-0.15907	grip	1075.57	fe	-24.9648	52.798	81.8278
veC_pos	-1.26198	1.67399	-1.5409	peC_pos	-0.00220511	-0.0352737	-0.151324	grip	1072.83	fe	65.4647	-45.857	239.39
veC_pos	-1.14562	1.27108	-1.42195	peC_pos	-0.00694087	-0.0286494	-0.157374	grip	1070.15	fe	64.7087	-32.895	239.511
veC_pos	-0.823232	0.756783	-0.942736	peC_pos	-0.0114723	-0.0236257	-0.163221	grip	1067.52	fe	53.4086	-12.6182	221.379
veC_pos	-0.541241	0.409024	-0.53253	peC_pos	-0.0148728	-0.0206625	-0.1669	grip	1064.96	fe	42.9009	1.5534	204.367
veC_pos	-0.336072	0.25436	-0.348973	peC_pos	-0.0171891	-0.0190835	-0.168614	grip	1062.45	fe	35.0661	7.55727	196.592
veC_pos	-0.146099	0.417995	-0.894133	peC_pos	-0.0186529	-0.0181162	-0.169383	grip	1060	fe	27.0771	-1.69656	224.253
veC_pos	0.998172	-0.440045	0.600081	peC_pos	-0.0191249	-0.0165289	-0.172475	grip	1057.62	fe	-29.6818	39.4835	152.408
veC_pos	1.31965	-0.696838	1.6687	peC_pos	-0.0150542	-0.0183126	-0.170132	grip	1055.29	fe	-50.0961	54.167	96.1039
veC_pos	1.14237	-0.52871	1.77213	peC_pos	-0.00996475	-0.0212056	-0.163612	grip	1053.02	fe	-46.6253	48.7655	83.6805
veC_pos	0.814283	-0.14694	1.35268	peC_pos	-0.00575276	-0.0234724	-0.156544	grip	1050.82	fe	-34.6691	32.0122	96.8656
veC_pos	-0.150683	1.13534	-1.48953	peC_pos	-0.00306244	-0.0242489	-0.150877	grip	1048.68	fe	10.7457	-31.338	232.697
veC_pos	-0.77136	1.73188	-3.06882	peC_pos	-0.00410257	-0.0196878	-0.156746	grip	1046.59	fe	42.8617	-65.989	317.491
veC_pos	-0.556316	1.17879	-2.77707	peC_pos	-0.00709078	-0.0127759	-0.169164	grip	1044.58	fe	35.2227	-45.5941	315.558
veC_pos	-0.316659	0.593701	-2.22165	peC_pos	-0.00905865	-0.00815302	-0.180255	grip	1042.62	fe	25.2777	-21.1845	299.021
veC_pos	-0.189314	0.209768	-1.84785	peC_pos	-0.0100979	-0.00590607	-0.1889	grip	1040.73	fe	19.9749	-4.34177	288.987
veC_pos	-0.00171632	0.0195289	-1.93432	peC_pos	-0.0107341	-0.0052035	-0.195947	grip	1038.9	fe	11.2376	4.4295	300.286
veC_pos	0.97957	-1.12865	0.193145	peC_pos	-0.0106055	-0.00524613	-0.203408	grip	1037.14	fe	-37.9791	61.8733	201.306
veC_pos	1.11564	-1.49411	1.56315	peC_pos	-0.0067487	-0.00976313	-0.202711	grip	1035.44	fe	-48.7941	84.8146	131.738
veC_pos	0.913559	-1.36822	1.77292	peC_pos	-0.00235647	-0.0159395	-0.196441	grip	1033.81	fe	-43.2418	84.8895	114.437
veC_pos	0.51384	-0.750344	1.101	peC_pos	0.00130763	-0.0217115	-0.189179	grip	1032.24	fe	-27.0418	59.9287	140.229
veC_pos	-1.10275	1.3422	-2.36116	peC_pos	0.00331009	-0.0250408	-0.184254	grip	1030.74	fe	51.7257	-41.2995	307.977
veC_pos	-0.859548	1.04357	-2.26116	peC_pos	-0.00090806	-0.0197265	-0.193614	grip	1029.31	fe	43.9121	-31.8739	312.345
veC_pos	-0.438155	0.538871	-1.6421	peC_pos	-0.00425113	-0.0156144	-0.202828	grip	1027.94	fe	26.2776	-10.893	290.6
veC_pos	-0.142144	0.226116	-1.09195	peC_pos	-0.00599413	-0.0135628	-0.209269	grip	1026.63	fe	13.261	2.61824	269.44
veC_pos	-0.010258	0.208433	-0.967532	peC_pos	-0.00652704	-0.0127952	-0.213149	grip	1025.4	fe	7.20572	2.69854	266.939
veC_pos	0.63531	-0.0796699	-0.44944	peC_pos	-0.00641116	-0.0121499	-0.216314	grip	1024.23	fe	-25.199	16.4277	244.028
veC_pos	1.09937	-0.596606	1.27614	peC_pos	-0.00352753	-0.0125272	-0.217892	grip	1023.13	fe	-51.3593	42.6472	159.125
veC_pos	0.910712	-0.511219	1.79579	peC_pos	0.000803514	-0.0149513	-0.212976	grip	1022.09	fe	-46.3568	40.8426	127.892
veC_pos	0.609753	-0.291337	1.79449	peC_pos	0.00409749	-0.0170824	-0.206015	grip	1021.13	fe	-34.6717	32.0102	120.643
veC_pos	0.171694	0.166109	1.12895	peC_pos	0.00599488	-0.0183891	-0.198981	grip	1020.23	fe	-14.7009	10.4557	146.559
veC_pos	-0.792826	1.411	-1.41503	peC_pos	0.00598375	-0.0179043	-0.194413	grip	1019.4	fe	33.5414	-52.2985	268.937
veC_pos	-0.67154	1.21997	-1.71784	peC_pos	0.00259975	-0.0122851	-0.200113	grip	1018.64	fe	30.9288	-48.4844	289.735
veC_pos	-0.291639	0.645446	-1.31862	peC_pos	2.69525e-05	-0.00745771	-0.207113	grip	1017.95	fe	14.5545	-24.6808	276.761
veC_pos	-0.0373363	0.195842	-0.979833	peC_pos	-0.000993195	-0.00499303	-0.212357	grip	1017.33	fe	2.87722	-4.71255	265.028
veC_pos	0.098042	-0.0276312	-1.03637	peC_pos	-0.00110134	-0.0043927	-0.216078	grip	1016.77	fe	-3.78229	5.84793	271.52
veC_pos	0.650957	-0.538938	-0.595919	peC_pos	-0.000774346	-0.00474823	-0.219945	grip	1016.29	fe	-31.7609	31.7725	253.323
veC_pos	1.09933	-1.17067	0.972944	peC_pos	0.00187307	-0.00701948	-0.22217	grip	1015.87	fe	-56.8693	65.6642	177.048
veC_pos	1.01624	-1