958 1070
 0.076918 -0.003002 -0.015495  0.954408 -0.193036  0.227690
 0.073107 -0.003002 -0.010836  0.584249  0.022610  0.811260
 0.065321 -0.003002 -0.008147 -0.344048  0.043771  0.937931
 0.064845 -0.003002 -0.012039 -0.260127 -0.132306  0.956467
 0.059415 -0.003002 -0.010458  0.427046  0.124970  0.895553
 0.053303 -0.003002 -0.005950 -0.339539  0.196987  0.919733
 0.050849 -0.003002 -0.009936 -0.986844  0.005020  0.161596
 0.052747 -0.003002 -0.019757 -0.988258 -0.000960 -0.152788
 0.074192 -0.001559 -0.012278  0.532846  0.640203  0.553367
 0.066554 -0.000677 -0.011366 -0.067679  0.810223  0.582201
 0.062511 -0.001198 -0.013414  0.150515  0.695381  0.702702
 0.057195  0.000084 -0.011065  0.217609  0.832148  0.510074
 0.052375  0.000604 -0.010580 -0.144173  0.782070  0.606285
 0.051152  0.000084 -0.012131 -0.982549 -0.185578 -0.012563
 0.075429 -0.001057 -0.014580  0.511292  0.829329  0.225376
 0.067935 -0.000279 -0.015432  0.050573  0.990291  0.129482
 0.060495 -0.000019 -0.016587  0.277988  0.939646  0.199471
 0.055688  0.002834 -0.015709  0.121475  0.981772  0.146179
 0.051780  0.001666 -0.017103  0.859485  0.493427  0.133474
 0.051927  0.001796 -0.016998 -0.362527 -0.907578 -0.211839
 0.075831 -0.001057 -0.016863  0.554940  0.831851 -0.008077
 0.068498 -0.000279 -0.018627  0.063277  0.962849 -0.262523
 0.061112 -0.000019 -0.020086  0.289797  0.875824 -0.385939
 0.056895  0.002834 -0.022555  0.282840  0.930932 -0.231011
 0.052746  0.001666 -0.022581  0.181144  0.900454 -0.395437
 0.052920  0.001796 -0.022628 -0.898586 -0.056430 -0.435154
 0.075967 -0.001679 -0.019051  0.697583  0.676589 -0.235807
 0.070689 -0.001039 -0.021624  0.107928  0.602522 -0.790771
 0.063738 -0.001639 -0.021311  0.115141 -0.175437 -0.977734
 0.059370 -0.000757 -0.024339  0.550752  0.482419 -0.681135
 0.055149 -0.000276 -0.026316  0.127294  0.705287 -0.697400
 0.053432 -0.000517 -0.026003 -0.792229  0.251533 -0.555972
 0.075927 -0.003002 -0.020239  0.896934 -0.006549 -0.442116
 0.072656 -0.003002 -0.023354  0.071953 -0.222402 -0.972296
 0.065955 -0.003002 -0.020220 -0.202656 -0.354819 -0.912707
 0.060958 -0.003002 -0.021101  0.569532  0.220013 -0.791977
 0.057036 -0.003002 -0.027124  0.234615  0.271808 -0.933315
 0.053349 -0.003002 -0.025997 -0.791092  0.008042 -0.611644
 0.075214 -0.004444 -0.019492  0.688100 -0.673944 -0.268919
 0.070314 -0.005767 -0.023745 -0.227195 -0.677463 -0.699590
 0.066620 -0.004325 -0.020699 -0.449774 -0.080289 -0.889526
 0.061506 -0.004605 -0.022320  0.613233 -0.107330 -0.782576
 0.057497 -0.006488 -0.027853  0.216189 -0.372191 -0.902627
 0.053450 -0.005527 -0.026102 -0.840716 -0.198314 -0.503853
 0.074260 -0.005337 -0.017376  0.538442 -0.842453 -0.018775
 0.067316 -0.008320 -0.020405 -0.483980 -0.863457 -0.142144
 0.066900 -0.005856 -0.018986 -0.594713 -0.727808 -0.341484
 0.061516 -0.006763 -0.020486  0.475801 -0.834669 -0.277384
 0.057029 -0.010135 -0.023316  0.101045 -0.947974 -0.301887
 0.052934 -0.007930 -0.022705 -0.858686 -0.430740 -0.277706
 0.073777 -0.005337 -0.014637  0.491408 -0.836519  0.242392
 0.066216 -0.008320 -0.014165 -0.475218 -0.876492  0.077002
 0.066310 -0.005856 -0.015639 -0.552435 -0.833236  0.023105
 0.060738 -0.006763 -0.016073  0.365012 -0.900875  0.234927
 0.055553 -0.010135 -0.014947  0.005465 -0.980964  0.194113
 0.051914 -0.007930 -0.016922 -0.890457 -0.449532 -0.070760
 0.073334 -0.004565 -0.012122  0.520605 -0.611411  0.595942
 0.065478 -0.006128 -0.009502 -0.457867 -0.742252  0.489306
 0.065430 -0.004766 -0.013003 -0.498302 -0.772650  0.393329
 0.059894 -0.005447 -0.012232  0.396585 -0.671079  0.626398
 0.054055 -0.007370 -0.008333 -0.094760 -0.763971  0.638255
 0.051135 -0.006128 -0.012031 -0.947375 -0.307763  0.088102
 0.071325 -0.003002  0.013206  0.954525 -0.192524  0.227630
 0.070067 -0.003002  0.014744  0.584260  0.022860  0.811245
 0.067498 -0.003002  0.015631 -0.344115  0.043865  0.937902
 0.067341 -0.003002  0.014347 -0.260424 -0.132303  0.956387
 0.065549 -0.003002  0.014868  0.426837  0.124964  0.895653
 0.063532 -0.003002  0.016356 -0.338963  0.196959  0.919952
 0.062722 -0.003002  0.015041 -0.986782  0.004830  0.161982
 0.063348 -0.003002  0.011800 -0.988259 -0.000872 -0.152786
 0.070425 -0.002526  0.014268  0.532672  0.640541  0.553144
 0.067905 -0.002235  0.014569 -0.067590  0.810154  0.582307
 0.066571 -0.002406  0.013893  0.150178  0.695392  0.702764
 0.064816 -0.001984  0.014668  0.217485  0.832137  0.510146
 0.063226 -0.001812  0.014827 -0.149330  0.780704  0.606796
 0.062822 -0.001984  0.014317 -0.981946 -0.188623 -0.014227
 0.070833 -0.002360  0.013507  0.510984  0.829519  0.225374
 0.068361 -0.002103  0.013227  0.050714  0.990262  0.129649
 0.065905 -0.002017  0.012847  0.277674  0.939732  0.199503
 0.064319 -0.001077  0.013135  0.121582  0.981742  0.146288
 0.063029 -0.001461  0.012676  0.863520  0.487199  0.130270
 0.063078 -0.001419  0.012710 -0.369809 -0.904462 -0.212576
 0.070966 -0.002360  0.012755  0.554910  0.831872 -0.007968
 0.068546 -0.002103  0.012173  0.063330  0.962728 -0.262954
 0.066109 -0.002017  0.011691  0.289605  0.875625 -0.386537
 0.064717 -0.001077  0.010876  0.283010  0.930847 -0.231149
 0.063348 -0.001461  0.010867  0.176578  0.899964 -0.398604
 0.063406 -0.001419  0.010852 -0.899086 -0.061335 -0.433454
 0.071011 -0.002566  0.012033  0.697652  0.676481 -0.235914
 0.069269 -0.002354  0.011183  0.107928  0.601618 -0.791459
 0.066975 -0.002552  0.011288  0.114799 -0.176063 -0.977662
 0.065534 -0.002262  0.010288  0.550856  0.482222 -0.681191
 0.064141 -0.002103  0.009635  0.127505  0.705308 -0.697340
 0.063575 -0.002182  0.009739 -0.791900  0.252235 -0.556122
 0.070998 -0.003002  0.011642  0.896870 -0.005892 -0.442255
 0.069918 -0.003002  0.010613  0.071922 -0.222342 -0.972312
 0.067707 -0.003002  0.011647 -0.202831 -0.355198 -0.912521
 0.066058 -0.003002  0.011356  0.569572  0.220146 -0.791912
 0.064764 -0.003002  0.009369  0.234564  0.272259 -0.933196
 0.063547 -0.003002  0.009740 -0.791051  0.008608 -0.611689
 0.070763 -0.003478  0.011887  0.688446 -0.673530 -0.269074
 0.069146 -0.003915  0.010483 -0.227448 -0.677454 -0.699516
 0.067927 -0.003439  0.011489 -0.449888 -0.080739 -0.889428
 0.066239 -0.003531  0.010954  0.613416 -0.107190 -0.782452
 0.064916 -0.004153  0.009127  0.216041 -0.372302 -0.902617
 0.063580 -0.003835  0.009706 -0.840801 -0.198426 -0.503668
 0.070448 -0.003773  0.012585  0.538435 -0.842462 -0.018585
 0.068156 -0.004757  0.011586 -0.484063 -0.863395 -0.142239
 0.068019 -0.003944  0.012055 -0.594670 -0.727753 -0.341678
 0.066242 -0.004243  0.011559  0.475976 -0.834598 -0.277294
 0.064762 -0.005356  0.010625  0.101163 -0.947996 -0.301776
 0.063410 -0.004628  0.010827 -0.858700 -0.430835 -0.277518
 0.070288 -0.003773  0.013489  0.491362 -0.836512  0.242508
 0.067793 -0.004757  0.013646 -0.475342 -0.876412  0.077145
 0.067824 -0.003944  0.013159 -0.552612 -0.833114  0.023277
 0.065985 -0.004243  0.013016  0.365066 -0.900791  0.235166
 0.064275 -0.005356  0.013388  0.005476 -0.980925  0.194309
 0.063074 -0.004628  0.012735 -0.890478 -0.449516 -0.070591
 0.070142 -0.003518  0.014320  0.520623 -0.611298  0.596042
 0.067550 -0.004033  0.015184 -0.458009 -0.742011  0.489538
 0.067534 -0.003584  0.014029 -0.498538 -0.772400  0.393521
 0.065707 -0.003808  0.014283  0.396480 -0.670961  0.626590
 0.063780 -0.004443  0.015570 -0.094623 -0.763946  0.638305
 0.062817 -0.004033  0.014349 -0.947250 -0.308134  0.088149
 0.050654 -0.003002  0.026062  0.954434 -0.192850  0.227740
 0.049396 -0.003002  0.027600  0.584305  0.022680  0.811217
 0.046827 -0.003002  0.028487 -0.343987  0.042922  0.937993
 0.046669 -0.003002  0.027202 -0.259991 -0.132817  0.956433
 0.044877 -0.003002  0.027724  0.427045  0.124997  0.895549
 0.042860 -0.003002  0.029212 -0.339960  0.197219  0.919528
 0.042051 -0.003002  0.027896 -0.986893  0.005133  0.161293
 0.042677 -0.003002  0.024655 -0.988273 -0.000898 -0.152693
 0.049754 -0.002526  0.027123  0.532588  0.640462  0.553315
 0.047233 -0.002235  0.027425 -0.067593  0.810069  0.582425
 0.045899 -0.002406  0.026749  0.150293  0.695192  0.702937
 0.044145 -0.001984  0.027524  0.217549  0.832111  0.510161
 0.042554 -0.001812  0.027684 -0.149629  0.780985  0.606361
 0.042151 -0.001984  0.027172 -0.981969 -0.188459 -0.014818
 0.050162 -0.002360  0.026364  0.511105  0.829358  0.225692
 0.047689 -0.002103  0.026083  0.050657  0.990272  0.129598
 0.045234 -0.002017  0.025702  0.277628  0.939758  0.199442
 0.043647 -0.001077  0.025992  0.121460  0.981769  0.146211
 0.042358 -0.001461  0.025531  0.862434  0.489183  0.130027
 0.042407 -0.001419  0.025566 -0.367207 -0.905512 -0.212622
 0.050295 -0.002360  0.025611  0.554932  0.831858 -0.007991
 0.047875 -0.002103  0.025029  0.063441  0.962899 -0.262298
 0.045438 -0.002017  0.024547  0.289473  0.876008 -0.385766
 0.044046 -0.001077  0.023732  0.282840  0.930901 -0.231137
 0.042677 -0.001461  0.023723  0.179882  0.900069 -0.396885
 0.042734 -0.001419  0.023708 -0.898824 -0.058556 -0.434381
 0.050340 -0.002566  0.024889  0.697473  0.676700 -0.235816
 0.048598 -0.002354  0.024039  0.108159  0.602750 -0.790565
 0.046304 -0.002552  0.024142  0.115140 -0.175539 -0.977716
 0.044863 -0.002262  0.023143  0.550734  0.482428 -0.681143
 0.043470 -0.002103  0.022491  0.127525  0.705230 -0.697415
 0.042903 -0.002182  0.022594 -0.792231  0.251628 -0.555926
 0.050327 -0.003002  0.024496  0.896921 -0.006695 -0.442141
 0.049247 -0.003002  0.023468  0.072019 -0.222490 -0.972271
 0.047036 -0.003002  0.024503 -0.202523 -0.355003 -0.912665
 0.045387 -0.003002  0.024212  0.569728  0.219864 -0.791878
 0.044093 -0.003002  0.022224  0.234505  0.271604 -0.933402
 0.042875 -0.003002  0.022597 -0.791237  0.007738 -0.611460
 0.050091 -0.003478  0.024743  0.687820 -0.674264 -0.268835
 0.048474 -0.003915  0.023340 -0.227250 -0.677646 -0.699395
 0.047255 -0.003439  0.024345 -0.449747 -0.080173 -0.889550
 0.045568 -0.003531  0.023810  0.613292 -0.107611 -0.782491
 0.044245 -0.004153  0.021984  0.216248 -0.372312 -0.902563
 0.042909 -0.003835  0.022562 -0.840676 -0.198511 -0.503842
 0.049776 -0.003773  0.025441  0.538366 -0.842499 -0.018883
 0.047485 -0.004757  0.024442 -0.483950 -0.863524 -0.141837
 0.047348 -0.003944  0.024910 -0.594733 -0.727910 -0.341233
 0.045571 -0.004243  0.024415  0.475718 -0.834737 -0.277321
 0.044090 -0.005356  0.023481  0.101013 -0.947965 -0.301925
 0.042739 -0.004628  0.023682 -0.858666 -0.430699 -0.277834
 0.049617 -0.003773  0.026345  0.491312 -0.836566  0.242425
 0.047122 -0.004757  0.026500 -0.475086 -0.876568  0.076954
 0.047153 -0.003944  0.026014 -0.552287 -0.833333  0.023140
 0.045314 -0.004243  0.025872  0.364982 -0.900860  0.235032
 0.043603 -0.005356  0.026242  0.005424 -0.980967  0.194099
 0.042402 -0.004628  0.025591 -0.890492 -0.449458 -0.070787
 0.049471 -0.003518  0.027175  0.520378 -0.611697  0.595847
 0.046878 -0.004033  0.028039 -0.457583 -0.742514  0.489173
 0.046862 -0.003584  0.026884 -0.498007 -0.772697  0.393609
 0.045036 -0.003808  0.027139  0.396663 -0.670901  0.626538
 0.043109 -0.004443  0.028426 -0.094907 -0.763879  0.638342
 0.042145 -0.004033  0.027205 -0.947469 -0.307490  0.088047
 0.034291 -0.003002  0.039677  0.954458 -0.192741  0.227730
 0.033033 -0.003002  0.041215  0.584302  0.023186  0.811205
 0.030464 -0.003002  0.042102 -0.343938  0.043654  0.937977
 0.030306 -0.003002  0.040818 -0.260170 -0.132370  0.956446
 0.028515 -0.003002  0.041340  0.427166  0.124894  0.895506
 0.026498 -0.003002  0.042827 -0.339798  0.196723  0.919694
 0.025688 -0.003002  0.041511 -0.986872  0.005028  0.161426
 0.026314 -0.003002  0.038271 -0.988258 -0.000874 -0.152789
 0.033391 -0.002526  0.040738  0.532588  0.640462  0.553315
 0.030870 -0.002235  0.041040 -0.067566  0.810175  0.582281
 0.029536 -0.002406  0.040364  0.150265  0.695561  0.702578
 0.027782 -0.001984  0.041139  0.217751  0.832171  0.509977
 0.026191 -0.001812  0.041300 -0.150035  0.780701  0.606626
 0.025788 -0.001984  0.040788 -0.981867 -0.188973 -0.015053
 0.033799 -0.002360  0.039979  0.511105  0.829358  0.225692
 0.031326 -0.002103  0.039698  0.050685  0.990262  0.129662
 0.028871 -0.002017  0.039318  0.277712  0.939716  0.199525
 0.027285 -0.001077  0.039607  0.121630  0.981743  0.146239
 0.025995 -0.001461  0.039148  0.862484  0.489235  0.129504
 0.026044 -0.001419  0.039182 -0.366794 -0.905629 -0.212833
 0.033932 -0.002360  0.039226  0.554931  0.831858 -0.008026
 0.031512 -0.002103  0.038644  0.063380  0.962808 -0.262646
 0.029075 -0.002017  0.038163  0.289561  0.875834 -0.386095
 0.027683 -0.001077  0.037348  0.282892  0.930903 -0.231067
 0.026314 -0.001461  0.037340  0.180820  0.900082 -0.396430
 0.026371 -0.001419  0.037323 -0.898623 -0.057764 -0.434902
 0.033977 -0.002566  0.038504  0.697511  0.676631 -0.235901
 0.032235 -0.002354  0.037655  0.107851  0.602195 -0.791031
 0.029941 -0.002552  0.037759  0.114775 -0.175684 -0.977733
 0.028500 -0.002262  0.036759  0.550749  0.482506 -0.681076
 0.027107 -0.002103  0.036107  0.127621  0.705265 -0.697362
 0.026540 -0.002182  0.036210 -0.792080  0.251418 -0.556236
 0.033964 -0.003002  0.038112  0.896889 -0.006812 -0.442203
 0.032884 -0.003002  0.037084  0.071733 -0.222779 -0.972226
 0.030673 -0.003002  0.038118 -0.202937 -0.355190 -0.912500
 0.029024 -0.003002  0.037828  0.569534  0.220178 -0.791930
 0.027730 -0.003002  0.035840  0.234487  0.272297 -0.933204
 0.026513 -0.003002  0.036212 -0.791118  0.008136 -0.611609
 0.033728 -0.003478  0.038359  0.687803 -0.674270 -0.268862
 0.032111 -0.003915  0.036956 -0.227292 -0.677716 -0.699313
 0.030893 -0.003439  0.037960 -0.449869 -0.080591 -0.889451
 0.029205 -0.003531  0.037426  0.613301 -0.107341 -0.782522
 0.027882 -0.004153  0.035598  0.216110 -0.372061 -0.902700
 0.026546 -0.003835  0.036177 -0.840862 -0.198034 -0.503720
 0.033413 -0.003773  0.039057  0.538383 -0.842489 -0.018881
 0.031122 -0.004757  0.038058 -0.484146 -0.863338 -0.142306
 0.030985 -0.003944  0.038526 -0.594866 -0.727601 -0.341658
 0.029208 -0.004243  0.038031  0.475807 -0.834695 -0.277295
 0.027727 -0.005356  0.037096  0.101118 -0.948003 -0.301770
 0.026376 -0.004628  0.037298 -0.858670 -0.430769 -0.277713
 0.033254 -0.003773  0.039961  0.491385 -0.836522  0.242427
 0.030759 -0.004757  0.040116 -0.475097 -0.876559  0.076990
 0.030790 -0.003944  0.039631 -0.552347 -0.833292  0.023165
 0.028951 -0.004243  0.039487  0.365047 -0.900820  0.235084
 0.027241 -0.005356  0.039858  0.005646 -0.980953  0.194161
 0.026039 -0.004628  0.039206 -0.890462 -0.449513 -0.070823
 0.033108 -0.003518  0.040791  0.520610 -0.611285  0.596067
 0.030515 -0.004033  0.041655 -0.457566 -0.742409  0.489348
 0.030499 -0.003584  0.040500 -0.497927 -0.772901  0.393310
 0.028673 -0.003808  0.040754  0.396500 -0.671118  0.626409
 0.026746 -0.004443  0.042041 -0.094834 -0.763811  0.638435
 0.025782 -0.004033  0.040820 -0.947444 -0.307542  0.088138
 0.019593 -0.003002  0.051049  0.954470 -0.192554  0.227838
 0.018335 -0.003002  0.052586  0.584119  0.022341  0.811360
 0.015766 -0.003002  0.053473 -0.344207  0.043100  0.937904
 0.015609 -0.003002  0.052188 -0.260260 -0.132650  0.956383
 0.013817 -0.003002  0.052710  0.426950  0.124995  0.895595
 0.011800 -0.003002  0.054198 -0.339222  0.197240  0.919796
 0.010990 -0.003002  0.052883 -0.986806  0.005235  0.161821
 0.011616 -0.003002  0.049642 -0.988248 -0.000757 -0.152855
 0.018693 -0.002526  0.052110  0.532452  0.640749  0.553114
 0.016173 -0.002235  0.052411 -0.067628  0.810058  0.582436
 0.014839 -0.002406  0.051735  0.150253  0.695219  0.702919
 0.013084 -0.001984  0.052510  0.217503  0.832147  0.510122
 0.011494 -0.001812  0.052669 -0.149622  0.780866  0.606516
 0.011090 -0.001984  0.052158 -0.981927 -0.188701 -0.014550
 0.019101 -0.002360  0.051349  0.510807  0.829637  0.225344
 0.016628 -0.002103  0.051069  0.050671  0.990272  0.129592
 0.014173 -0.002017  0.050688  0.277681  0.939747  0.199422
 0.012587 -0.001077  0.050977  0.121587  0.981750  0.146233
 0.011297 -0.001461  0.050517  0.863358  0.487502  0.130211
 0.011346 -0.001419  0.050551 -0.369370 -0.904628 -0.212637
 0.019234 -0.002360  0.050597  0.554883  0.831891 -0.007940
 0.016814 -0.002103  0.050015  0.063441  0.962899 -0.262298
 0.014377 -0.002017  0.049533  0.289467  0.875922 -0.385965
 0.012985 -0.001077  0.048718  0.282861  0.930864 -0.231260
 0.011616 -0.001461  0.048710  0.177466  0.900063 -0.397985
 0.011674 -0.001419  0.048694 -0.899018 -0.060592 -0.433699
 0.019279 -0.002566  0.049875  0.697533  0.676604 -0.235913
 0.017537 -0.002354  0.049025  0.108137  0.602565 -0.790710
 0.015243 -0.002552  0.049128  0.115108 -0.175054 -0.977807
 0.013802 -0.002262  0.048130  0.550493  0.482367 -0.681381
 0.012409 -0.002103  0.047477  0.127490  0.705358 -0.697292
 0.011843 -0.002182  0.047580 -0.791999  0.252070 -0.556057
 0.019266 -0.003002  0.049482  0.896861 -0.005995 -0.442272
 0.018186 -0.003002  0.048455  0.071787 -0.223349 -0.972091
 0.015975 -0.003002  0.049488 -0.202441 -0.355783 -0.912379
 0.014327 -0.003002  0.049197  0.569516  0.220079 -0.791970
 0.013032 -0.003002  0.047210  0.234271  0.271875 -0.933382
 0.011815 -0.003002  0.047582 -0.791164  0.008235 -0.611548
 0.019031 -0.003478  0.049729  0.688312 -0.673709 -0.268968
 0.017414 -0.003915  0.048326 -0.227378 -0.677968 -0.699041
 0.016195 -0.003439  0.049331 -0.450008 -0.081825 -0.889268
 0.014507 -0.003531  0.048795  0.613341 -0.107649 -0.782448
 0.013184 -0.004153  0.046969  0.216017 -0.372437 -0.902567
 0.011848 -0.003835  0.047548 -0.840801 -0.198426 -0.503668
 0.018716 -0.003773  0.050428  0.538442 -0.842458 -0.018563
 0.016424 -0.004757  0.049428 -0.484081 -0.863393 -0.142189
 0.016287 -0.003944  0.049895 -0.594800 -0.727788 -0.341375
 0.014510 -0.004243  0.049401  0.475723 -0.834781 -0.277178
 0.013030 -0.005356  0.048467  0.101202 -0.947987 -0.301794
 0.011678 -0.004628  0.048669 -0.858651 -0.430813 -0.277702
 0.018556 -0.003773  0.051331  0.491273 -0.836515  0.242680
 0.016061 -0.004757  0.051487 -0.475726 -0.876205  0.077127
 0.016092 -0.003944  0.051000 -0.552923 -0.832910  0.023177
 0.014253 -0.004243  0.050858  0.365005 -0.900835  0.235093
 0.012543 -0.005356  0.051228  0.005565 -0.980943  0.194218
 0.011341 -0.004628  0.050578 -0.890470 -0.449504 -0.070779
 0.018410 -0.003518  0.052161  0.520250 -0.611723  0.595932
 0.015817 -0.004033  0.053025 -0.458341 -0.741948  0.489323
 0.015802 -0.003584  0.051871 -0.498796 -0.772243  0.393501
 0.013975 -0.003808  0.052125  0.396564 -0.670999  0.626496
 0.012048 -0.004443  0.053412 -0.094656 -0.763901  0.638353
 0.011084 -0.004033  0.052191 -0.947392 -0.307682  0.088206
 0.061408 -0.003002  0.010900  0.950051 -0.211869  0.229160
 0.060635 -0.003002  0.014350  0.777182 -0.099361  0.621382
 0.059030 -0.003002  0.015036  0.070507 -0.068496  0.995157
 0.055801 -0.003002  0.013692 -0.231007 -0.143769  0.962271
 0.051657 -0.003002  0.012865 -0.119036 -0.132093  0.984064
 0.047636 -0.003002  0.012737  0.049009 -0.041444  0.997938
 0.044876 -0.003002  0.013414 -0.337267  0.021416  0.941165
 0.043541 -0.003002  0.011628 -0.966046  0.033594  0.256175
 0.044285 -0.003002  0.007881 -0.983849  0.047624 -0.172547
 0.061080 -0.001391  0.013469  0.815081  0.206819  0.541174
 0.059584 -0.000910  0.013990  0.197989  0.537485  0.819701
 0.055983 -0.000910  0.013355 -0.112763  0.485560  0.866901
 0.052029 -0.000934  0.012619 -0.106243  0.499455  0.859800
 0.047922 -0.000693  0.012286 -0.045672  0.600057  0.798652
 0.045648 -0.000429  0.012317 -0.298598  0.658268  0.691030
 0.043895 -0.001031  0.011028 -0.882971  0.413109  0.222943
 0.061655 -0.000668  0.011843  0.875318  0.369725  0.311645
 0.060323  0.000111  0.011907  0.308336  0.886425  0.345225
 0.056442  0.000733  0.011462  0.022779  0.933577  0.357652
 0.052681  0.000733  0.010799 -0.020576  0.938745  0.343999
 0.048500  0.001044  0.010183 -0.033526  0.958371  0.283551
 0.046664  0.000966  0.009828 -0.220213  0.951102  0.216591
 0.044470  0.000266  0.009171 -0.792332  0.610075  0.004369
 0.061963 -0.000668  0.010099  0.929723  0.368044  0.012593
 0.060732  0.000111  0.009584  0.356728  0.832705 -0.423494
 0.056934  0.000733  0.008674  0.065393  0.771285 -0.633122
 0.053173  0.000733  0.008011  0.188207  0.819537 -0.541238
 0.049032  0.001044  0.007160  0.242526  0.882343 -0.403300
 0.047187  0.000966  0.006865 -0.044537  0.917024 -0.396338
 0.044900  0.000266  0.006731 -0.762219  0.554865 -0.333387
 0.062137 -0.001679  0.008872  0.960255  0.184153 -0.209759
 0.060864 -0.001222  0.007904  0.242215  0.053359 -0.968754
 0.057669 -0.001776  0.008241 -0.084702 -0.383096 -0.919817
 0.053069 -0.001776  0.007430  0.331666 -0.173362 -0.927331
 0.049128 -0.001271  0.005913  0.564110  0.177193 -0.806463
 0.047162 -0.000862  0.004899  0.171514  0.380611 -0.908690
 0.044901 -0.001367  0.005324 -0.764955  0.269802 -0.584851
 0.062142 -0.003002  0.008607  0.957543 -0.123284 -0.260599
 0.060772 -0.003002  0.007493  0.360143  0.005537 -0.932881
 0.058017 -0.003002  0.010012 -0.071397  0.002687 -0.997444
 0.052577 -0.003002  0.009052  0.340345 -0.057657 -0.938531
 0.048857 -0.003002  0.006749  0.562442 -0.062411 -0.824478
 0.046835 -0.003002  0.004648  0.185575 -0.022872 -0.982364
 0.044635 -0.003002  0.005423 -0.775200  0.030312 -0.630988
 0.061597 -0.004396  0.008660  0.909248 -0.396246 -0.127504
 0.060284 -0.004998  0.007448  0.499758 -0.031799 -0.865581
 0.057222 -0.003916  0.008672  0.090880  0.360492 -0.928324
 0.052569 -0.003868  0.007930  0.265077  0.087290 -0.960268
 0.048821 -0.004493  0.006251  0.473191 -0.268518 -0.839040
 0.046628 -0.005238  0.004649  0.067930 -0.387593 -0.919324
 0.044728 -0.004589  0.005372 -0.816744 -0.180235 -0.548128
 0.060857 -0.005570  0.009816  0.853931 -0.516909  0.060059
 0.059499 -0.006814  0.009096  0.359640 -0.831338 -0.423717
 0.056146 -0.005726  0.008924 -0.063397 -0.754855 -0.652820
 0.052295 -0.005570  0.008306  0.173655 -0.835931 -0.520638
 0.048501 -0.006270  0.007366  0.362310 -0.863554 -0.350721
 0.046086 -0.007282  0.006551 -0.085872 -0.910998 -0.403372
 0.044570 -0.006115  0.006734 -0.867016 -0.389797 -0.310389
 0.060519 -0.005570  0.011732  0.806067 -0.538254  0.246047
 0.058997 -0.006814  0.011943  0.145884 -0.948122  0.282458
 0.055788 -0.005726  0.010958 -0.201854 -0.957941  0.203971
 0.051957 -0.005570  0.010223  0.024246 -0.968273  0.248716
 0.048070 -0.006270  0.009806  0.229579 -0.926817  0.297160
 0.045523 -0.007282  0.009747 -0.196379 -0.952881  0.231200
 0.044160 -0.006115  0.009057 -0.905887 -0.419890 -0.055338
 0.060499 -0.004686  0.013484  0.770940 -0.418754  0.479892
 0.058884 -0.005310  0.014219  0.054510 -0.656729  0.752154
 0.055711 -0.004781  0.012798 -0.253446 -0.690334  0.677646
 0.051730 -0.004710  0.011978 -0.064555 -0.689314  0.721581
 0.047749 -0.005070  0.011864  0.142041 -0.631234  0.762475
 0.045061 -0.005671  0.012370 -0.291596 -0.645219  0.706162
 0.043749 -0.004926  0.010924 -0.949235 -0.287311  0.128086
 0.040929 -0.003002  0.024314  0.950092 -0.211634  0.229209
 0.040302 -0.003002  0.027108  0.777049 -0.099300  0.621558
 0.039001 -0.003002  0.027664  0.070399 -0.068619  0.995156
 0.036386 -0.003002  0.026574 -0.231105 -0.143849  0.962236
 0.033030 -0.003002  0.025904 -0.118961 -0.132200  0.984059
 0.029773 -0.003002  0.025801  0.048962 -0.041544  0.997936
 0.027539 -0.003002  0.026349 -0.337406  0.021436  0.941115
 0.026457 -0.003002  0.024902 -0.965997  0.033710  0.256348
 0.027059 -0.003002  0.021868 -0.983845  0.047619 -0.172574
 0.040662 -0.001697  0.026395  0.814983  0.207133  0.541201
 0.039452 -0.001307  0.026816  0.198054  0.537487  0.819685
 0.036535 -0.001307  0.026302 -0.112724  0.485388  0.867002
 0.033333 -0.001327  0.025706 -0.106209  0.499212  0.859946
 0.030005 -0.001132  0.025437 -0.045703  0.599861  0.798798
 0.028162 -0.000918  0.025461 -0.298622  0.657913  0.691358
 0.026743 -0.001405  0.024417 -0.883071  0.412688  0.223327
 0.041128 -0.001111  0.025077  0.875177  0.370146  0.311540
 0.040050 -0.000481  0.025129  0.308321  0.886482  0.345091
 0.036905  0.000023  0.024769  0.022804  0.933591  0.357613
 0.033860  0.000023  0.024232 -0.020486  0.938745  0.344004
 0.030473  0.000276  0.023732 -0.033342  0.958342  0.283670
 0.028986  0.000213  0.023445 -0.220072  0.951068  0.216881
 0.027208 -0.000354  0.022914 -0.792411  0.609971  0.004506
 0.041377 -0.001111  0.023666  0.929645  0.368247  0.012448
 0.040382 -0.000481  0.023246  0.356668  0.832617 -0.423717
 0.037304  0.000023  0.022511  0.065250  0.771328 -0.633084
 0.034258  0.000023  0.021974  0.188411  0.819667 -0.540968
 0.030904  0.000276  0.021285  0.242551  0.882440 -0.403075
 0.029409  0.000213  0.021046 -0.044678  0.917011 -0.396353
 0.027557 -0.000354  0.020937 -0.762216  0.554789 -0.333520
 0.041519 -0.001931  0.022671  0.960206  0.184222 -0.209920
 0.040487 -0.001561  0.021886  0.242064  0.053262 -0.968797
 0.037900 -0.002009  0.022160 -0.084883 -0.382985 -0.919846
 0.034173 -0.002009  0.021503  0.331931 -0.173054 -0.927294
 0.030982 -0.001599  0.020273  0.564085  0.177595 -0.806392
 0.029389 -0.001268  0.019453  0.171168  0.380787 -0.908682
 0.027558 -0.001677  0.019797 -0.764986  0.269666 -0.584873
 0.041523 -0.003002  0.022456  0.957534 -0.123292 -0.260629
 0.040413 -0.003002  0.021553  0.360278  0.005648 -0.932828
 0.038182 -0.003002  0.023594 -0.071436  0.002770 -0.997441
 0.033774 -0.003002  0.022816  0.340536 -0.057666 -0.938461
 0.030762 -0.003002  0.020950  0.562473 -0.062326 -0.824463
 0.029124 -0.003002  0.019249  0.185602 -0.022450 -0.982368
 0.027343 -0.003002  0.019877 -0.775033  0.030803 -0.631170
 0.041081 -0.004132  0.022499  0.909224 -0.396226 -0.127735
 0.040018 -0.004619  0.021517  0.499848 -0.031854 -0.865527
 0.037538 -0.003742  0.022509  0.090995  0.360584 -0.928277
 0.033768 -0.003703  0.021908  0.265178  0.087104 -0.960257
 0.030733 -0.004210  0.020547  0.473300 -0.268709 -0.838918
 0.028957 -0.004813  0.019250  0.068430 -0.387291 -0.919415
 0.027417 -0.004287  0.019835 -0.816689 -0.179895 -0.548321
 0.040483 -0.005082  0.023435  0.853992 -0.516824  0.059925
 0.039382 -0.006091  0.022853  0.359572 -0.831306 -0.423838
 0.036666 -0.005208  0.022713 -0.063399 -0.754718 -0.652979
 0.033547 -0.005082  0.022212  0.173645 -0.836006 -0.520521
 0.030474 -0.005649  0.021452  0.362352 -0.863624 -0.350505
 0.028519 -0.006469  0.020791 -0.085681 -0.911033 -0.403334
 0.027290 -0.005523  0.020938 -0.867039 -0.389912 -0.310181
 0.040209 -0.005082  0.024987  0.806208 -0.537970  0.246206
 0.038975 -0.006091  0.025158  0.145972 -0.948086  0.282532
 0.036375 -0.005208  0.024361 -0.202045 -0.957907  0.203943
 0.033274 -0.005082  0.023764  0.024278 -0.968267  0.248735
 0.030125 -0.005649  0.023428  0.229657 -0.926768  0.297253
 0.028062 -0.006469  0.023379 -0.196338 -0.952883  0.231227
 0.026958 -0.005523  0.022821 -0.905840 -0.419973 -0.055465
 0.040192 -0.004365  0.026406  0.770988 -0.418513  0.480026
 0.038884 -0.004872  0.027002  0.054525 -0.656584  0.752280
 0.036314 -0.004443  0.025850 -0.253697 -0.690160  0.677729
 0.033089 -0.004385  0.025187 -0.064529 -0.689166  0.721725
 0.029864 -0.004677  0.025094  0.142156 -0.631122  0.762546
 0.027688 -0.005164  0.025504 -0.291496 -0.645117  0.706296
 0.026624 -0.004560  0.024332 -0.949302 -0.287120  0.128018
 0.024118 -0.003002  0.038020  0.955445 -0.191912  0.224264
 0.023566 -0.003002  0.040537  0.794118 -0.089316  0.601165
 0.022500 -0.003002  0.041056  0.090742 -0.069375  0.993455
 0.020392 -0.003002  0.040120 -0.237498 -0.143685  0.960702
 0.017674 -0.003002  0.039569 -0.113369 -0.132162  0.984724
 0.015030 -0.003002  0.039526  0.072006 -0.040454  0.996583
 0.013205 -0.003002  0.040052 -0.346936  0.024366  0.937572
 0.012348 -0.003002  0.038771 -0.971659  0.032157  0.234190
 0.012884 -0.003002  0.036039 -0.984034  0.043151 -0.172670
 0.023870 -0.001828  0.039891  0.828730  0.202958  0.521549
 0.022879 -0.001477  0.040289  0.227586  0.529963  0.816911
 0.020517 -0.001477  0.039872 -0.108548  0.485142  0.867672
 0.017923 -0.001495  0.039386 -0.101491  0.499136  0.860559
 0.015223 -0.001319  0.039195 -0.035517  0.599596  0.799515
 0.013725 -0.001126  0.039246 -0.313905  0.657606  0.684849
 0.012588 -0.001565  0.038330 -0.893953  0.395925  0.209981
 0.024269 -0.001301  0.038702  0.883271  0.357775  0.303033
 0.023392 -0.000733  0.038765  0.340272  0.873879  0.347205
 0.020842 -0.000279  0.038491  0.031985  0.932716  0.359191
 0.018374 -0.000279  0.038056 -0.016330  0.938500  0.344893
 0.015629 -0.000052  0.037659 -0.031765  0.958317  0.283935
 0.014425 -0.000109  0.037425 -0.238422  0.947654  0.212384
 0.012990 -0.000620  0.036975 -0.805507  0.592587  0.000366
 0.024493 -0.001301  0.037431  0.934388  0.355755  0.018892
 0.023690 -0.000733  0.037071  0.380609  0.825661 -0.416439
 0.021200 -0.000279  0.036457  0.060969  0.771942 -0.632762
 0.018732 -0.000279  0.036022  0.197719  0.819120 -0.538469
 0.016017 -0.000052  0.035456  0.258904  0.880491 -0.397121
 0.014806 -0.000109  0.035265 -0.056786  0.916658 -0.395618
 0.013303 -0.000620  0.035196 -0.776434  0.536449 -0.330716
 0.024623 -0.002038  0.036538  0.964045  0.179459 -0.195991
 0.023796 -0.001705  0.035849  0.246999  0.053608 -0.967532
 0.021690 -0.002108  0.036134 -0.107164 -0.377747 -0.919686
 0.018671 -0.002108  0.035602  0.347786 -0.172781 -0.921516
 0.016096 -0.001740  0.034548  0.595855  0.175813 -0.783611
 0.014814 -0.001442  0.033836  0.170435  0.384086 -0.907431
 0.013321 -0.001810  0.034172 -0.779665  0.254407 -0.572188
 0.024630 -0.003002  0.036344  0.963968 -0.109522 -0.242425
 0.023741 -0.003002  0.035551  0.376389  0.015114 -0.926339
 0.021896 -0.003002  0.037416 -0.092206  0.012347 -0.995663
 0.018327 -0.003002  0.036786  0.357149 -0.056103 -0.932361
 0.015907 -0.003002  0.035159  0.594154 -0.060261 -0.802091
 0.014602 -0.003002  0.033657  0.185547 -0.022726 -0.982373
 0.013146 -0.003002  0.034248 -0.789056  0.027044 -0.613726
 0.024270 -0.004018  0.036389  0.923867 -0.365656 -0.112984
 0.023422 -0.004457  0.035525  0.520612 -0.020290 -0.853552
 0.021390 -0.003668  0.036452  0.083008  0.360669 -0.928993
 0.018335 -0.003633  0.035972  0.274965  0.087769 -0.957440
 0.015890 -0.004088  0.034797  0.501383 -0.265113 -0.823608
 0.014467 -0.004633  0.033660  0.063488 -0.387284 -0.919772
 0.013206 -0.004158  0.034210 -0.829515 -0.168261 -0.532534
 0.023769 -0.004874  0.037238  0.873034 -0.483039  0.066970
 0.022883 -0.005782  0.036732  0.375971 -0.824297 -0.423297
 0.020679 -0.004988  0.036649 -0.081685 -0.751108 -0.655107
 0.018151 -0.004874  0.036248  0.182285 -0.835042 -0.519111
 0.015665 -0.005385  0.035612  0.390011 -0.854933 -0.342024
 0.014086 -0.006122  0.035051 -0.092969 -0.909899 -0.404277
 0.013085 -0.005271  0.035201 -0.878608 -0.367714 -0.304687
 0.023522 -0.004874  0.038636  0.826970 -0.505649  0.245846
 0.022517 -0.005782  0.038808  0.156596 -0.945725  0.284750
 0.020418 -0.004988  0.038132 -0.218597 -0.954972  0.200608
 0.017905 -0.004874  0.037645  0.031451 -0.967712  0.250089
 0.015351 -0.005385  0.037392  0.256937 -0.918688  0.299994
 0.013676 -0.006122  0.037380 -0.203493 -0.951715  0.229846
 0.012786 -0.005271  0.036895 -0.916122 -0.396026 -0.062318
 0.023487 -0.004229  0.039910  0.790862 -0.393128  0.469027
 0.022415 -0.004684  0.040463  0.067358 -0.654785  0.752808
 0.020344 -0.004299  0.039469 -0.267004 -0.689092  0.673692
 0.017734 -0.004247  0.038923 -0.057986 -0.688919  0.722515
 0.015114 -0.004510  0.038890  0.169386 -0.625849  0.761329
 0.013339 -0.004947  0.039292 -0.298741 -0.644216  0.704087
 0.012493 -0.004404  0.038257 -0.956549 -0.269706  0.110783
 0.009906 -0.003002  0.049476  0.961088 -0.173470  0.214982
 0.009374 -0.003002  0.051997  0.826780 -0.079415  0.556892
 0.008488 -0.003002  0.052547  0.132460 -0.075795  0.988286
 0.006798 -0.003002  0.051685 -0.250990 -0.154817  0.955529
 0.004599 -0.003002  0.051225 -0.099437 -0.143333  0.984666
 0.002443 -0.003002  0.051269  0.124215 -0.041570  0.991384
 0.000937 -0.003002  0.051852 -0.365369  0.033691  0.930253
 0.000281 -0.003002  0.050606 -0.981814  0.032750  0.186999
 0.000806 -0.003002  0.047871 -0.984192  0.038507 -0.172866
 0.009643 -0.001945  0.051344  0.853809  0.204475  0.478749
 0.008822 -0.001629  0.051771  0.279033  0.546395  0.789679
 0.006908 -0.001629  0.051434 -0.098794  0.514552  0.851749
 0.004808 -0.001645  0.051035 -0.088417  0.529241  0.843852
 0.002612 -0.001488  0.050934 -0.008900  0.628977  0.777373
 0.001389 -0.001314  0.051034 -0.331344  0.687091  0.646619
 0.000490 -0.001708  0.050159 -0.905993  0.386229  0.173215
 0.010007 -0.001471  0.050150  0.894242  0.346632  0.283157
 0.009289 -0.000960  0.050241  0.378768  0.865429  0.327976
 0.007219 -0.000551  0.050050  0.047425  0.940427  0.336673
 0.005219 -0.000551  0.049697 -0.007004  0.946823  0.321680
 0.002993 -0.000348  0.049393 -0.025024  0.964602  0.262521
 0.002019 -0.000398  0.049199 -0.254652  0.948777  0.187017
 0.000861 -0.000857  0.048798 -0.815955  0.577924 -0.014860
 0.010231 -0.001471  0.048878  0.937674  0.345565  0.036781
 0.009588 -0.000960  0.048546  0.397622  0.829575 -0.392048
 0.007577 -0.000551  0.048018  0.043854  0.780496 -0.623621
 0.005578 -0.000551  0.047666  0.210509  0.828246 -0.519321
 0.003382 -0.000348  0.047190  0.281767  0.887005 -0.365826
 0.002400 -0.000398  0.047038 -0.073514  0.926022 -0.370242
 0.001175 -0.000857  0.047019 -0.793018  0.520951 -0.315804
 0.010367 -0.002134  0.047986  0.970630  0.179270 -0.160438
 0.009715 -0.001834  0.047327  0.260739  0.068087 -0.963005
 0.007987 -0.002197  0.047680 -0.151468 -0.380310 -0.912372
 0.005541 -0.002197  0.047249  0.384368 -0.176989 -0.906055
 0.003476 -0.001867  0.046284  0.660798  0.185200 -0.727356
 0.002453 -0.001598  0.045618  0.165778  0.419011 -0.892719
 0.001223 -0.001930  0.046001 -0.806952  0.244449 -0.537655
 0.010379 -0.003002  0.047792  0.974390 -0.096118 -0.203289
 0.009679 -0.003002  0.047034  0.428436  0.034226 -0.902924
 0.008113 -0.003002  0.048948 -0.138616  0.034847 -0.989733
 0.005222 -0.003002  0.048438  0.399080 -0.056802 -0.915155
 0.003302 -0.003002  0.046899  0.659622 -0.061128 -0.749107
 0.002286 -0.003002  0.045447  0.184875 -0.025718 -0.982426
 0.001078 -0.003002  0.046082 -0.817456  0.023380 -0.575516
 0.010083 -0.003917  0.047850  0.937766 -0.337753 -0.080738
 0.009418 -0.004311  0.047018  0.560578 -0.009382 -0.828048
 0.007732 -0.003602  0.048006  0.063270  0.375482 -0.924667
 0.005255 -0.003569  0.047627  0.298079  0.088496 -0.950430
 0.003300 -0.003981  0.046539  0.558344 -0.276737 -0.782093
 0.002175 -0.004470  0.045454  0.052526 -0.416420 -0.907654
 0.001129 -0.004044  0.046043 -0.854067 -0.159795 -0.495010
 0.009647 -0.004687  0.048710  0.889137 -0.450502  0.080518
 0.008941 -0.005503  0.048235  0.385944 -0.826034 -0.410749
 0.007145 -0.004789  0.048224 -0.108612 -0.753040 -0.648949
 0.005096 -0.004687  0.047908  0.190534 -0.844598 -0.500351
 0.003088 -0.005146  0.047357  0.420181 -0.853476 -0.308264
 0.001819 -0.005810  0.046850 -0.104133 -0.919913 -0.378044
 0.000998 -0.005044  0.047032 -0.892530 -0.347487 -0.287477
 0.009401 -0.004687  0.050108  0.848049 -0.474391  0.236149
 0.008575 -0.005503  0.050311  0.170099 -0.949206  0.264717
 0.006884 -0.004789  0.049708 -0.234129 -0.956005  0.176743
 0.004850 -0.004687  0.049305  0.043387 -0.971950  0.231152
 0.002775 -0.005146  0.049135  0.291786 -0.913958  0.282030
 0.001409 -0.005810  0.049179 -0.205213 -0.956701  0.206424
 0.000699 -0.005044  0.048727 -0.924390 -0.373387 -0.078006
 0.009330 -0.004107  0.051376  0.819136 -0.371928  0.436676
 0.008437 -0.004517  0.051962  0.091942 -0.682878  0.724724
 0.006780 -0.004169  0.051040 -0.284528 -0.715742  0.637775
 0.004669 -0.004122  0.050581 -0.041224 -0.718193  0.694622
 0.002533 -0.004359  0.050634  0.220911 -0.645957  0.730711
 0.001071 -0.004753  0.051091 -0.301985 -0.676706  0.671472
 0.000415 -0.004264  0.050090 -0.964112 -0.255559  0.071958
 0.047797 -0.004823 -0.021963  0.869246 -0.493035  0.036443
 0.044341 -0.004467 -0.013965  0.516339 -0.290710  0.805532
 0.037773 -0.003313 -0.014414 -0.157250 -0.053672  0.986099
 0.031891 -0.002248 -0.015857 -0.147546 -0.235876  0.960517
 0.024947 -0.001004 -0.017081  0.077102 -0.196927  0.977382
 0.013196  0.000913 -0.013078 -0.092062 -0.000557  0.995753
 0.008349  0.001836 -0.015754 -0.759879  0.098951  0.642490
 0.007857  0.002068 -0.020499 -0.993765  0.108038 -0.027559
 0.011097  0.001748 -0.028434 -0.992634  0.079038 -0.091815
 0.045759 -0.001364 -0.016464  0.656257  0.523698  0.543201
 0.039792 -0.000188 -0.017312  0.066677  0.856974  0.511028
 0.031268  0.001296 -0.018897  0.177420  0.746072  0.641793
 0.023915  0.003391 -0.018719  0.206157  0.775493  0.596749
 0.015292  0.005908 -0.018396  0.079871  0.874138  0.479065
 0.009626  0.006664 -0.019886 -0.254122  0.786041  0.563525
 0.007716  0.005815 -0.022477 -0.975782  0.166942  0.141348
 0.047020 -0.000443 -0.020285  0.699196  0.677660  0.227820
 0.041550  0.000390 -0.021312  0.146795  0.981326  0.124300
 0.030455  0.002523 -0.023206  0.311972  0.926677  0.209626
 0.023173  0.006459 -0.023363  0.230407  0.959228  0.163688
 0.016818  0.006500 -0.024954  0.107939  0.989461  0.096521
 0.010611  0.008050 -0.025859  0.060173  0.980156  0.188876
 0.007671  0.007919 -0.026659 -0.889484  0.455676  0.034316
 0.047640 -0.000443 -0.023804  0.757728  0.644272 -0.103742
 0.042149  0.000390 -0.024710  0.172224  0.960023 -0.220667
 0.031076  0.002523 -0.026725  0.324970  0.885825 -0.331222
 0.024179  0.006459 -0.029068  0.326888  0.906030 -0.268800
 0.017663  0.006500 -0.029748  0.225252  0.956666 -0.184531
 0.011521  0.008050 -0.031018  0.031656  0.958891 -0.282003
 0.008484  0.007919 -0.031273 -0.895358  0.315821 -0.313993
 0.046590 -0.001444 -0.027541  0.761576  0.383672 -0.522301
 0.041146 -0.000445 -0.028541  0.066684  0.635267 -0.769408
 0.033187  0.000376 -0.028920  0.103287  0.320913 -0.941460
 0.023113  0.003267 -0.032541  0.449941  0.458381 -0.766447
 0.017936  0.004483 -0.033945  0.446897  0.662858 -0.600752
 0.012545  0.005810 -0.035510 -0.132356  0.592964 -0.794277
 0.009356  0.005247 -0.034146 -0.940113  0.028036 -0.339707
 0.044995 -0.004094 -0.029848  0.651687 -0.254333 -0.714576
 0.039591 -0.003118 -0.031105 -0.181813 -0.238590 -0.953949
 0.034858 -0.002355 -0.029206 -0.230732 -0.487855 -0.841879
 0.021424  0.000078 -0.032485  0.388426 -0.317988 -0.864875
 0.017528  0.000860 -0.035907  0.547688  0.000375 -0.836683
 0.012824  0.001731 -0.037647 -0.137241 -0.009982 -0.990487
 0.009686  0.002174 -0.034352 -0.951010 -0.023548 -0.308262
 0.043495 -0.006866 -0.028045  0.390069 -0.808641 -0.440394
 0.039010 -0.006257 -0.029205 -0.362543 -0.806631 -0.466807
 0.035548 -0.004339 -0.027358 -0.467130 -0.848539 -0.248539
 0.023949 -0.002305 -0.029485  0.143550 -0.878630 -0.455415
 0.017292 -0.002736 -0.033731  0.458053 -0.619913 -0.637099
 0.013434 -0.002803 -0.035845 -0.032129 -0.567182 -0.822966
 0.009228 -0.000405 -0.033473 -0.944023 -0.035264 -0.327989
 0.042034 -0.007959 -0.024762  0.242577 -0.965206 -0.097640
 0.038421 -0.007750 -0.025586 -0.461361 -0.879150 -0.119335
 0.036375 -0.004971 -0.024915 -0.551643 -0.834077  0.002274
 0.026804 -0.002746 -0.026384 -0.002557 -0.997072 -0.076428
 0.017038 -0.004507 -0.029608  0.338250 -0.920130 -0.197350
 0.013779 -0.005825 -0.030995 -0.073296 -0.944647 -0.319795
 0.008594 -0.002118 -0.030721 -0.962399 -0.136838 -0.234657
 0.041424 -0.007959 -0.021302  0.183694 -0.979722  0.080011
 0.037747 -0.007750 -0.021764 -0.341626 -0.938901 -0.041919
 0.036054 -0.004971 -0.023094 -0.379957 -0.908928 -0.171704
 0.026558 -0.002746 -0.024988 -0.031214 -0.998600 -0.042710
 0.016278 -0.004507 -0.025298  0.111430 -0.986323  0.121449
 0.012740 -0.005825 -0.025108 -0.329644 -0.938772  0.100211
 0.007963 -0.002118 -0.027140 -0.988282 -0.089683 -0.123515
 0.042584 -0.007318 -0.017066  0.217968 -0.906685  0.361127
 0.037434 -0.006710 -0.017442 -0.224751 -0.914103  0.337495
 0.033720 -0.005152 -0.019612 -0.244708 -0.960048  0.135742
 0.025514 -0.003513 -0.021345 -0.054627 -0.963065  0.263671
 0.014273 -0.004108 -0.018904 -0.122494 -0.880312  0.458308
 0.010070 -0.003549 -0.019317 -0.699643 -0.630419  0.336262
 0.007610 -0.001080 -0.023191 -0.989596  0.090467 -0.111871
 0.038761 -0.005388  0.006907  0.818028 -0.512712  0.260686
 0.037833 -0.005332  0.010330  0.615480 -0.313282  0.723214
 0.034831 -0.004823  0.010769 -0.051734 -0.083165  0.995192
 0.028345 -0.003638  0.008850 -0.224649 -0.125733  0.966294
 0.020166 -0.002171  0.007312 -0.166873 -0.124299  0.978112
 0.012344 -0.000788  0.006515 -0.068554 -0.060551  0.995808
 0.007102  0.000114  0.006753 -0.269688  0.025429  0.962612
 0.004215  0.000679  0.004693 -0.903905  0.194110  0.381152
 0.005036  0.000650  0.000960 -0.952305  0.255964 -0.166127
 0.038855 -0.003667  0.009550  0.736166  0.025095  0.676336
 0.036133 -0.002661  0.009855  0.134672  0.492217  0.859992
 0.029041 -0.001391  0.008605 -0.056004  0.445773  0.893392
 0.021242 -0.000021  0.007190 -0.050831  0.458195  0.887397
 0.013262  0.001666  0.006175  0.001314  0.552935  0.833224
 0.008904  0.002732  0.005838 -0.120561  0.635682  0.762479
 0.005175  0.002752  0.004200 -0.720714  0.622036  0.306010
 0.039840 -0.002975  0.007997  0.889191  0.227913  0.396731
 0.037414 -0.001671  0.007867  0.311364  0.870257  0.381715
 0.029927  0.000364  0.006787  0.138868  0.904221  0.403857
 0.022520  0.001691  0.005481  0.116313  0.912044  0.393251
 0.014363  0.003498  0.004163  0.117710  0.935307  0.333685
 0.010729  0.004062  0.003492  0.017332  0.958481  0.284628
 0.006229  0.004086  0.002429 -0.590375  0.805523  0.050901
 0.040147 -0.002975  0.006252  0.973541  0.228189 -0.012139
 0.037824 -0.001671  0.005544  0.394827  0.804634 -0.443482
 0.030419  0.000364  0.003999  0.221984  0.754839 -0.617204
 0.023012  0.001691  0.002693  0.287197  0.790594 -0.540813
 0.014896  0.003498  0.001141  0.320400  0.848443 -0.421294
 0.011251  0.004062  0.000529  0.165382  0.904773 -0.392473
 0.006659  0.004086 -0.000012 -0.560769  0.762402 -0.322927
 0.040090 -0.004068  0.004984  0.964029  0.017923 -0.265191
 0.037547 -0.003074  0.003793  0.214954  0.030382 -0.976151
 0.031300 -0.002607  0.003592 -0.038435 -0.360023 -0.932151
 0.022238 -0.000985  0.001994  0.224084 -0.180756 -0.957661
 0.014436  0.001007 -0.000204  0.415587  0.126954 -0.900650
 0.010531  0.002188 -0.001560  0.230744  0.335789 -0.913238
 0.006117  0.002383 -0.001515 -0.604565  0.488554 -0.629139
 0.039807 -0.005501  0.004668  0.859518 -0.373047 -0.349377
 0.036961 -0.004965  0.003294  0.258971 -0.043104 -0.964923
 0.032035 -0.004175  0.005430  0.034984 -0.011121 -0.999326
 0.021318 -0.002256  0.003541  0.247177 -0.071740 -0.966311
 0.013719 -0.000845  0.000553  0.375320 -0.100927 -0.921384
 0.009448 -0.000027 -0.001945  0.178683 -0.021702 -0.983667
 0.005309  0.000679 -0.001511 -0.677697  0.196982 -0.708466
 0.038491 -0.006843  0.004586  0.677474 -0.702417 -0.218264
 0.035629 -0.006980  0.003101  0.355347 -0.101994 -0.929153
 0.030097 -0.004822  0.003889  0.187020  0.345609 -0.919553
 0.020951 -0.003132  0.002355  0.233497  0.076111 -0.969374
 0.013284 -0.002434 -0.000015  0.285432 -0.286217 -0.914663
 0.008622 -0.002403 -0.002053  0.043149 -0.347974 -0.936511
 0.005177 -0.001086 -0.001602 -0.767627 -0.087810 -0.634853
 0.037025 -0.007944  0.005614  0.583993 -0.811756 -0.002304
 0.034033 -0.008798  0.004606  0.118040 -0.871730 -0.475556
 0.027707 -0.006449  0.003910 -0.112854 -0.731729 -0.672188
 0.020161 -0.004924  0.002640 -0.001771 -0.823363 -0.567512
 0.012510 -0.004336  0.001020  0.089196 -0.896784 -0.433384
 0.007499 -0.004568 -0.000253 -0.183910 -0.874800 -0.448221
 0.004806 -0.002783 -0.000278 -0.869353 -0.340739 -0.357943
 0.036687 -0.007944  0.007530  0.530003 -0.818407  0.222050
 0.033531 -0.008798  0.007453 -0.088021 -0.960594  0.263651
 0.027348 -0.006449  0.005943 -0.298822 -0.930891  0.210113
 0.019823 -0.004924  0.004556 -0.174320 -0.956019  0.235883
 0.012080 -0.004336  0.003460 -0.056856 -0.959353  0.276423
 0.006935 -0.004568  0.002943 -0.313260 -0.919987  0.235569
 0.004396 -0.002783  0.002046 -0.924374 -0.380672 -0.024926
 0.037106 -0.007075  0.009360  0.528393 -0.671466  0.519553
 0.033976 -0.007251  0.009827 -0.134505 -0.643751  0.753321
 0.027683 -0.005501  0.007856 -0.311199 -0.641855  0.700840
 0.019837 -0.004011  0.006354 -0.211615 -0.655057  0.725340
 0.012024 -0.003037  0.005565 -0.096375 -0.633215  0.767952
 0.006779 -0.002806  0.005620 -0.345449 -0.588800  0.730739
 0.004134 -0.001454  0.003939 -0.950820 -0.215041  0.222930
 0.021696 -0.004087  0.020399  0.836849 -0.484951  0.253980
 0.020799 -0.004037  0.023828  0.637205 -0.298707  0.710454
 0.018081 -0.003580  0.024317 -0.038381 -0.085757  0.995577
 0.012257 -0.002513  0.022514 -0.227945 -0.124922  0.965627
 0.004897 -0.001193  0.021120 -0.163946 -0.124702  0.978556
-0.002152  0.000052  0.020459 -0.056225 -0.062313  0.996472
-0.006890  0.000865  0.020786 -0.278255  0.028120  0.960095
-0.009462  0.001372  0.018782 -0.910402  0.191443  0.366767
-0.008658  0.001347  0.015047 -0.954275  0.248138 -0.166691
 0.021766 -0.002363  0.023039  0.752991  0.033131  0.657197
 0.019313 -0.001405  0.023390  0.153567  0.486166  0.860267
 0.012929 -0.000263  0.022264 -0.053815  0.445207  0.893809
 0.005910  0.000968  0.020987 -0.048365  0.457722  0.887779
-0.001274  0.002514  0.020112  0.006560  0.551915  0.833875
-0.005197  0.003502  0.019852 -0.130132  0.637174  0.759655
-0.008549  0.003454  0.018281 -0.735917  0.606558  0.300855
 0.022696 -0.001660  0.021473  0.894508  0.229146  0.383859
 0.020523 -0.000403  0.021390  0.332059  0.861592  0.383922
 0.013792  0.001498  0.020442  0.143828  0.903022  0.404802
 0.007125  0.002692  0.019267  0.118607  0.911593  0.393612
-0.000212  0.004352  0.018093  0.118811  0.935101  0.333872
-0.003484  0.004852  0.017487  0.006653  0.959269  0.282415
-0.007542  0.004796  0.016502 -0.607044  0.793139  0.049269
 0.023003 -0.001660  0.019731  0.973529  0.228378 -0.009193
 0.020933 -0.000403  0.019066  0.410648  0.798952 -0.439368
 0.014283  0.001498  0.017655  0.219714  0.755476 -0.617237
 0.007617  0.002692  0.016479  0.292317  0.789685 -0.539396
 0.000320  0.004352  0.015073  0.329782  0.846227 -0.418503
-0.002961  0.004852  0.014523  0.158470  0.905918 -0.392683
-0.007112  0.004796  0.014062 -0.577599  0.748777 -0.325133
 0.022955 -0.002754  0.018465  0.964936  0.020682 -0.261670
 0.020687 -0.001810  0.017319  0.218733  0.029706 -0.975332
 0.015037 -0.001451  0.017225 -0.051835 -0.355708 -0.933159
 0.006882  0.000010  0.015787  0.232998 -0.182114 -0.955273
-0.000115  0.001857  0.013730  0.437084  0.122591 -0.891027
-0.003611  0.002965  0.012447  0.231388  0.336923 -0.912657
-0.007607  0.003086  0.012566 -0.620768  0.471895 -0.626069
 0.022678 -0.004189  0.018149  0.871374 -0.352876 -0.340860
 0.020133 -0.003707  0.016828  0.268740 -0.042308 -0.962283
 0.015647 -0.002995  0.019041  0.021889 -0.005894 -0.999743
 0.006002 -0.001268  0.017341  0.256205 -0.073386 -0.963833
-0.000808  0.000001  0.014492  0.396709 -0.104519 -0.911975
-0.004623  0.000738  0.012075  0.179357 -0.021749 -0.983544
-0.008368  0.001372  0.012578 -0.687834  0.192662 -0.699832
 0.021466 -0.005550  0.018084  0.709564 -0.672489 -0.210421
 0.018896 -0.005738  0.016651  0.373620 -0.100160 -0.922158
 0.013906 -0.003679  0.017535  0.183030  0.346244 -0.920117
 0.005675 -0.002153  0.016163  0.238502  0.075191 -0.968227
-0.001220 -0.001592  0.013928  0.302537 -0.288392 -0.908461
-0.005409 -0.001646  0.011974  0.038320 -0.346556 -0.937246
-0.008516 -0.000390  0.012484 -0.775720 -0.075427 -0.626554
 0.020102 -0.006670  0.019129  0.618281 -0.785950  0.003329
 0.017394 -0.007574  0.018172  0.134670 -0.870579 -0.473241
 0.011713 -0.005341  0.017590 -0.122803 -0.728547 -0.673898
 0.004924 -0.003952  0.016453  0.003009 -0.823871 -0.566769
-0.001971 -0.003499  0.014968  0.106843 -0.896949 -0.429030
-0.006494 -0.003819  0.013781 -0.192387 -0.872241 -0.449647
-0.008902 -0.002085  0.013805 -0.877906 -0.321812 -0.354568
 0.019763 -0.006670  0.021047  0.563112 -0.794690  0.226656
 0.016892 -0.007574  0.021020 -0.076901 -0.960915  0.265948
 0.011355 -0.005341  0.019624 -0.308286 -0.928182  0.208416
 0.004586 -0.003952  0.018370 -0.170304 -0.956544  0.236687
-0.002402 -0.003499  0.017408 -0.039801 -0.959531  0.278776
-0.007057 -0.003819  0.016976 -0.321757 -0.917468  0.233934
-0.009311 -0.002085  0.016129 -0.932246 -0.360630 -0.029373
 0.020127 -0.005790  0.022867  0.557090 -0.650166  0.516657
 0.017281 -0.006016  0.023384 -0.123960 -0.644490  0.754497
 0.011643 -0.004384  0.021528 -0.318543 -0.640001  0.699235
 0.004585 -0.003036  0.020166 -0.208109 -0.655404  0.726042
-0.002463 -0.002198  0.019511 -0.080442 -0.634202  0.768971
-0.007214 -0.002056  0.019654 -0.354186 -0.586475  0.728422
-0.009559 -0.000758  0.018024 -0.956866 -0.199168  0.211518
 0.007358 -0.003276  0.034371  0.836760 -0.485076  0.254037
 0.006460 -0.003225  0.037799  0.637252 -0.298383  0.710547
 0.003742 -0.002768  0.038289 -0.038105 -0.085841  0.995580
-0.002083 -0.001701  0.036487 -0.227903 -0.125147  0.965608
-0.009441 -0.000381  0.035093 -0.164040 -0.124822  0.978525
-0.016491  0.000864  0.034430 -0.056294 -0.062396  0.996463
-0.021228  0.001677  0.034759 -0.278210  0.028008  0.960112
-0.023800  0.002184  0.032755 -0.910378  0.191408  0.366845
-0.022996  0.002159  0.029019 -0.954241  0.248209 -0.166782
 0.007427 -0.001551  0.037010  0.752720  0.033103  0.657508
 0.004974 -0.000593  0.037362  0.153580  0.486228  0.860230
-0.001409  0.000549  0.036237 -0.053738  0.445330  0.893753
-0.008428  0.001781  0.034960 -0.048349  0.457577  0.887855
-0.015612  0.003327  0.034085  0.006314  0.552038  0.833795
-0.019536  0.004314  0.033824 -0.130243  0.637445  0.759408
-0.022888  0.004266  0.032254 -0.735987  0.606463  0.300874
 0.008358 -0.000848  0.035447  0.894352  0.229206  0.384186
 0.006184  0.000409  0.035363  0.331862  0.861695  0.383861
-0.000547  0.002309  0.034415  0.143869  0.903075  0.404670
-0.007213  0.003504  0.033240  0.118750  0.911591  0.393574
-0.014550  0.005165  0.032066  0.118538  0.935217  0.333644
-0.017823  0.005663  0.031458  0.006461  0.959365  0.282096
-0.021881  0.005608  0.030473 -0.607037  0.793150  0.049188
 0.008665 -0.000848  0.033704  0.973521  0.228398 -0.009514
 0.006594  0.000409  0.033039  0.410555  0.798963 -0.439435
-0.000056  0.002309  0.031626  0.219777  0.755404 -0.617303
-0.006721  0.003504  0.030451  0.292430  0.789572 -0.539500
-0.014018  0.005165  0.029044  0.329632  0.846280 -0.418512
-0.017300  0.005663  0.028496  0.158225  0.905913 -0.392793
-0.021451  0.005608  0.028033 -0.577789  0.748465 -0.325515
 0.008616 -0.001942  0.032437  0.964865  0.021001 -0.261907
 0.006349 -0.000999  0.031292  0.218719  0.029809 -0.975332
 0.000699 -0.000639  0.031197 -0.051742 -0.355741 -0.933151
-0.007457  0.000821  0.029759  0.232922 -0.182296 -0.955257
-0.014454  0.002670  0.027702  0.437072  0.122555 -0.891038
-0.017950  0.003777  0.026419  0.231297  0.336985 -0.912657
-0.021945  0.003897  0.026539 -0.620717  0.471706 -0.626262
 0.008340 -0.003378  0.032121  0.871478 -0.352601 -0.340878
 0.005794 -0.002894  0.030800  0.268915 -0.042090 -0.962244
 0.001308 -0.002184  0.033014  0.022115 -0.005700 -0.999739
-0.008336 -0.000457  0.031313  0.256242 -0.073037 -0.963849
-0.015147  0.000813  0.028465  0.396722 -0.104264 -0.911998
-0.018962  0.001549  0.026047  0.179353 -0.021590 -0.983548
-0.022706  0.002184  0.026550 -0.687771  0.192950 -0.699815
 0.007128 -0.004738  0.032057  0.709461 -0.672696 -0.210108
 0.004556 -0.004927  0.030623  0.374016 -0.100150 -0.921999
-0.000433 -0.002866  0.031508  0.183140  0.346297 -0.920075
-0.008665 -0.001341  0.030135  0.238596  0.075376 -0.968189
-0.015558 -0.000780  0.027899  0.302617 -0.288176 -0.908503
-0.019748 -0.000834  0.025946  0.038157 -0.346528 -0.937263
-0.022854  0.000423  0.026456 -0.775767 -0.075288 -0.626512
 0.005762 -0.005857  0.033103  0.618150 -0.786053  0.003535
 0.003054 -0.006763  0.032145  0.134967 -0.870626 -0.473069
-0.002626 -0.004529  0.031563 -0.122880 -0.728581 -0.673847
-0.009415 -0.003140  0.030426  0.002963 -0.823978 -0.566613
-0.016310 -0.002686  0.028939  0.106902 -0.896976 -0.428958
-0.020832 -0.003007  0.027753 -0.192367 -0.872242 -0.449653
-0.023241 -0.001272  0.027778 -0.877905 -0.321613 -0.354751
 0.005424 -0.005857  0.035019  0.563049 -0.794824  0.226343
 0.002552 -0.006763  0.034992 -0.076728 -0.960964  0.265823
-0.002984 -0.004529  0.033595 -0.308368 -0.928160  0.208393
-0.009753 -0.003140  0.032343 -0.170302 -0.956577  0.236552
-0.016740 -0.002686  0.031380 -0.039817 -0.959560  0.278673
-0.021395 -0.003007  0.030949 -0.321722 -0.917460  0.234012
-0.023651 -0.001272  0.030102 -0.932317 -0.360438 -0.029487
 0.005789 -0.004978  0.036839  0.557215 -0.650122  0.516578
 0.002943 -0.005205  0.037357 -0.123727 -0.644653  0.754396
-0.002696 -0.003572  0.035500 -0.318532 -0.640163  0.699091
-0.009754 -0.002224  0.034138 -0.208152 -0.655455  0.725983
-0.016803 -0.001387  0.033483 -0.080447 -0.634298  0.768892
-0.021553 -0.001244  0.033625 -0.354132 -0.586531  0.728404
-0.023898  0.000054  0.031996 -0.956904 -0.198867  0.211627
-0.004728 -0.002790  0.046203  0.836812 -0.484999  0.254010
-0.005625 -0.002738  0.049631  0.637369 -0.298113  0.710556
-0.008344 -0.002281  0.050121 -0.038092 -0.085425  0.995616
-0.014169 -0.001214  0.048319 -0.227898 -0.124980  0.965631
-0.021528  0.000106  0.046923 -0.163988 -0.124908  0.978522
-0.028578  0.001351  0.046262 -0.056282 -0.062488  0.996458
-0.033315  0.002163  0.046590 -0.278503  0.028335  0.960017
-0.035886  0.002671  0.044585 -0.910387  0.191854  0.366589
-0.035082  0.002646  0.040851 -0.954252  0.248312 -0.166564
-0.004659 -0.001064  0.048841  0.752788  0.033629  0.657404
-0.007112 -0.000106  0.049192  0.153580  0.486515  0.860068
-0.013496  0.001036  0.048067 -0.053704  0.445368  0.893735
-0.020514  0.002267  0.046791 -0.048323  0.457483  0.887904
-0.027698  0.003812  0.045917  0.006354  0.551901  0.833885
-0.031623  0.004800  0.045655 -0.130355  0.637290  0.759519
-0.034973  0.004752  0.044084 -0.735901  0.606543  0.300925
-0.003728 -0.000361  0.047277  0.894318  0.229365  0.384170
-0.005902  0.000896  0.047193  0.331869  0.861650  0.383955
-0.012634  0.002796  0.046246  0.143806  0.903053  0.404740
-0.019299  0.003990  0.045071  0.118692  0.911573  0.393632
-0.026637  0.005651  0.043898  0.118667  0.935117  0.333878
-0.029908  0.006150  0.043290  0.006542  0.959260  0.282448
-0.033966  0.006095  0.042305 -0.607044  0.793128  0.049454
-0.003421 -0.000361  0.045534  0.973496  0.228517 -0.009299
-0.005492  0.000896  0.044870  0.410692  0.798925 -0.439375
-0.012142  0.002796  0.043457  0.219729  0.755438 -0.617279
-0.018807  0.003990  0.042282  0.292368  0.789650 -0.539419
-0.026104  0.005651  0.040876  0.329707  0.846250 -0.418514
-0.029385  0.006150  0.040327  0.158419  0.905872 -0.392809
-0.033536  0.006095  0.039864 -0.577630  0.748728 -0.325192
-0.003470 -0.001457  0.044268  0.964916  0.020946 -0.261722
-0.005737 -0.000512  0.043123  0.218765  0.029642 -0.975327
-0.011387 -0.000152  0.043028 -0.051842 -0.355722 -0.933153
-0.019543  0.001308  0.041590  0.233039 -0.182078 -0.955270
-0.026540  0.003156  0.039533  0.437085  0.122829 -0.890993
-0.030036  0.004264  0.038251  0.231359  0.336956 -0.912652
-0.034032  0.004384  0.038369 -0.620810  0.471871 -0.626045
-0.003746 -0.002891  0.043953  0.871409 -0.352702 -0.340953
-0.006293 -0.002409  0.042631  0.268715 -0.042182 -0.962296
-0.010778 -0.001697  0.044845  0.021902 -0.005567 -0.999745
-0.020423  0.000030  0.043144  0.256378 -0.073034 -0.963813
-0.027232  0.001299  0.040295  0.396721 -0.104225 -0.912003
-0.031047  0.002036  0.037878  0.179354 -0.021618 -0.983547
-0.034793  0.002671  0.038381 -0.687945  0.192764 -0.699695
-0.004958 -0.004251  0.043888  0.709363 -0.672730 -0.210329
-0.007529 -0.004440  0.042454  0.373833 -0.100045 -0.922085
-0.012519 -0.002380  0.043340  0.183161  0.346452 -0.920012
-0.020750 -0.000854  0.041965  0.238629  0.075237 -0.968192
-0.027645 -0.000294  0.039730  0.302470 -0.288451 -0.908465
-0.031834 -0.000348  0.037777  0.038151 -0.346676 -0.937209
-0.034941  0.000909  0.038287 -0.775917 -0.075445 -0.626308
-0.006324 -0.005371  0.044933  0.617996 -0.786174  0.003358
-0.009032 -0.006276  0.043976  0.134851 -0.870601 -0.473148
-0.014712 -0.004043  0.043394 -0.122809 -0.728558 -0.673885
-0.021501 -0.002653  0.042256  0.003014 -0.823991 -0.566595
-0.028395 -0.002201  0.040771  0.106781 -0.896999 -0.428942
-0.032918 -0.002520  0.039584 -0.192437 -0.872276 -0.449558
-0.035327 -0.000786  0.039609 -0.877905 -0.321787 -0.354592
-0.006662 -0.005371  0.046850  0.562988 -0.794891  0.226259
-0.009534 -0.006276  0.046823 -0.076743 -0.960995  0.265707
-0.015070 -0.004043  0.045427 -0.308427 -0.928138  0.208406
-0.021839 -0.002653  0.044174 -0.170316 -0.956534  0.236717
-0.028826 -0.002201  0.043211 -0.039858 -0.959516  0.278821
-0.033481 -0.002520  0.042780 -0.321737 -0.917451  0.234028
-0.035737 -0.000786  0.041933 -0.932298 -0.360493 -0.029427
-0.006297 -0.004491  0.048671  0.557193 -0.650219  0.516480
-0.009144 -0.004719  0.049189 -0.123709 -0.644725  0.754338
-0.014783 -0.003086  0.047331 -0.318639 -0.640082  0.699117
-0.021840 -0.001737  0.045969 -0.208174 -0.655344  0.726077
-0.028889 -0.000900  0.045314 -0.080426 -0.634275  0.768913
-0.033639 -0.000757  0.045456 -0.354284 -0.586379  0.728452
-0.035984  0.000541  0.043828 -0.956951 -0.198665  0.211605
3 9 2 1 
4 9 10 3 2 
4 10 11 4 3 
4 11 12 5 4 
4 12 13 6 5 
4 13 14 7 6 
3 14 8 7 
3 15 9 1 
4 15 16 10 9 
4 16 17 11 10 
4 17 18 12 11 
4 18 19 13 12 
4 19 20 14 13 
3 20 8 14 
3 21 15 1 
4 21 22 16 15 
4 22 23 17 16 
4 23 24 18 17 
4 24 25 19 18 
4 25 26 20 19 
3 26 8 20 
3 27 21 1 
4 27 28 22 21 
4 28 29 23 22 
4 29 30 24 23 
4 30 31 25 24 
4 31 32 26 25 
3 32 8 26 
3 33 27 1 
4 33 34 28 27 
4 34 35 29 28 
4 35 36 30 29 
4 36 37 31 30 
4 37 38 32 31 
3 38 8 32 
3 39 33 1 
4 39 40 34 33 
4 40 41 35 34 
4 41 42 36 35 
4 42 43 37 36 
4 43 44 38 37 
3 44 8 38 
3 45 39 1 
4 45 46 40 39 
4 46 47 41 40 
4 47 48 42 41 
4 48 49 43 42 
4 49 50 44 43 
3 50 8 44 
3 51 45 1 
4 51 52 46 45 
4 52 53 47 46 
4 53 54 48 47 
4 54 55 49 48 
4 55 56 50 49 
3 56 8 50 
3 57 51 1 
4 57 58 52 51 
4 58 59 53 52 
4 59 60 54 53 
4 60 61 55 54 
4 61 62 56 55 
3 62 8 56 
3 2 57 1 
4 2 3 58 57 
4 3 4 59 58 
4 4 5 60 59 
4 5 6 61 60 
4 6 7 62 61 
3 7 8 62 
3 71 64 63 
4 71 72 65 64 
4 72 73 66 65 
4 73 74 67 66 
4 74 75 68 67 
4 75 76 69 68 
3 76 70 69 
3 77 71 63 
4 77 78 72 71 
4 78 79 73 72 
4 79 80 74 73 
4 80 81 75 74 
4 81 82 76 75 
3 82 70 76 
3 83 77 63 
4 83 84 78 77 
4 84 85 79 78 
4 85 86 80 79 
4 86 87 81 80 
4 87 88 82 81 
3 88 70 82 
3 89 83 63 
4 89 90 84 83 
4 90 91 85 84 
4 91 92 86 85 
4 92 93 87 86 
4 93 94 88 87 
3 94 70 88 
3 95 89 63 
4 95 96 90 89 
4 96 97 91 90 
4 97 98 92 91 
4 98 99 93 92 
4 99 100 94 93 
3 100 70 94 
3 101 95 63 
4 101 102 96 95 
4 102 103 97 96 
4 103 104 98 97 
4 104 105 99 98 
4 105 106 100 99 
3 106 70 100 
3 107 101 63 
4 107 108 102 101 
4 108 109 103 102 
4 109 110 104 103 
4 110 111 105 104 
4 111 112 106 105 
3 112 70 106 
3 113 107 63 
4 113 114 108 107 
4 114 115 109 108 
4 115 116 110 109 
4 116 117 111 110 
4 117 118 112 111 
3 118 70 112 
3 119 113 63 
4 119 120 114 113 
4 120 121 115 114 
4 121 122 116 115 
4 122 123 117 116 
4 123 124 118 117 
3 124 70 118 
3 64 119 63 
4 64 65 120 119 
4 65 66 121 120 
4 66 67 122 121 
4 67 68 123 122 
4 68 69 124 123 
3 69 70 124 
3 133 126 125 
4 133 134 127 126 
4 134 135 128 127 
4 135 136 129 128 
4 136 137 130 129 
4 137 138 131 130 
3 138 132 131 
3 139 133 125 
4 139 140 134 133 
4 140 141 135 134 
4 141 142 136 135 
4 142 143 137 136 
4 143 144 138 137 
3 144 132 138 
3 145 139 125 
4 145 146 140 139 
4 146 147 141 140 
4 147 148 142 141 
4 148 149 143 142 
4 149 150 144 143 
3 150 132 144 
3 151 145 125 
4 151 152 146 145 
4 152 153 147 146 
4 153 154 148 147 
4 154 155 149 148 
4 155 156 150 149 
3 156 132 150 
3 157 151 125 
4 157 158 152 151 
4 158 159 153 152 
4 159 160 154 153 
4 160 161 155 154 
4 161 162 156 155 
3 162 132 156 
3 163 157 125 
4 163 164 158 157 
4 164 165 159 158 
4 165 166 160 159 
4 166 167 161 160 
4 167 168 162 161 
3 168 132 162 
3 169 163 125 
4 169 170 164 163 
4 170 171 165 164 
4 171 172 166 165 
4 172 173 167 166 
4 173 174 168 167 
3 174 132 168 
3 175 169 125 
4 175 176 170 169 
4 176 177 171 170 
4 177 178 172 171 
4 178 179 173 172 
4 179 180 174 173 
3 180 132 174 
3 181 175 125 
4 181 182 176 175 
4 182 183 177 176 
4 183 184 178 177 
4 184 185 179 178 
4 185 186 180 179 
3 186 132 180 
3 126 181 125 
4 126 127 182 181 
4 127 128 183 182 
4 128 129 184 183 
4 129 130 185 184 
4 130 131 186 185 
3 131 132 186 
3 195 188 187 
4 195 196 189 188 
4 196 197 190 189 
4 197 198 191 190 
4 198 199 192 191 
4 199 200 193 192 
3 200 194 193 
3 201 195 187 
4 201 202 196 195 
4 202 203 197 196 
4 203 204 198 197 
4 204 205 199 198 
4 205 206 200 199 
3 206 194 200 
3 207 201 187 
4 207 208 202 201 
4 208 209 203 202 
4 209 210 204 203 
4 210 211 205 204 
4 211 212 206 205 
3 212 194 206 
3 213 207 187 
4 213 214 208 207 
4 214 215 209 208 
4 215 216 210 209 
4 216 217 211 210 
4 217 218 212 211 
3 218 194 212 
3 219 213 187 
4 219 220 214 213 
4 220 221 215 214 
4 221 222 216 215 
4 222 223 217 216 
4 223 224 218 217 
3 224 194 218 
3 225 219 187 
4 225 226 220 219 
4 226 227 221 220 
4 227 228 222 221 
4 228 229 223 222 
4 229 230 224 223 
3 230 194 224 
3 231 225 187 
4 231 232 226 225 
4 232 233 227 226 
4 233 234 228 227 
4 234 235 229 228 
4 235 236 230 229 
3 236 194 230 
3 237 231 187 
4 237 238 232 231 
4 238 239 233 232 
4 239 240 234 233 
4 240 241 235 234 
4 241 242 236 235 
3 242 194 236 
3 243 237 187 
4 243 244 238 237 
4 244 245 239 238 
4 245 246 240 239 
4 246 247 241 240 
4 247 248 242 241 
3 248 194 242 
3 188 243 187 
4 188 189 244 243 
4 189 190 245 244 
4 190 191 246 245 
4 191 192 247 246 
4 192 193 248 247 
3 193 194 248 
3 257 250 249 
4 257 258 251 250 
4 258 259 252 251 
4 259 260 253 252 
4 260 261 254 253 
4 261 262 255 254 
3 262 256 255 
3 263 257 249 
4 263 264 258 257 
4 264 265 259 258 
4 265 266 260 259 
4 266 267 261 260 
4 267 268 262 261 
3 268 256 262 
3 269 263 249 
4 269 270 264 263 
4 270 271 265 264 
4 271 272 266 265 
4 272 273 267 266 
4 273 274 268 267 
3 274 256 268 
3 275 269 249 
4 275 276 270 269 
4 276 277 271 270 
4 277 278 272 271 
4 278 279 273 272 
4 279 280 274 273 
3 280 256 274 
3 281 275 249 
4 281 282 276 275 
4 282 283 277 276 
4 283 284 278 277 
4 284 285 279 278 
4 285 286 280 279 
3 286 256 280 
3 287 281 249 
4 287 288 282 281 
4 288 289 283 282 
4 289 290 284 283 
4 290 291 285 284 
4 291 292 286 285 
3 292 256 286 
3 293 287 249 
4 293 294 288 287 
4 294 295 289 288 
4 295 296 290 289 
4 296 297 291 290 
4 297 298 292 291 
3 298 256 292 
3 299 293 249 
4 299 300 294 293 
4 300 301 295 294 
4 301 302 296 295 
4 302 303 297 296 
4 303 304 298 297 
3 304 256 298 
3 305 299 249 
4 305 306 300 299 
4 306 307 301 300 
4 307 308 302 301 
4 308 309 303 302 
4 309 310 304 303 
3 310 256 304 
3 250 305 249 
4 250 251 306 305 
4 251 252 307 306 
4 252 253 308 307 
4 253 254 309 308 
4 254 255 310 309 
3 255 256 310 
3 320 312 311 
4 320 321 313 312 
4 321 322 314 313 
4 322 323 315 314 
4 323 324 316 315 
4 324 325 317 316 
4 325 326 318 317 
3 326 319 318 
3 327 320 311 
4 327 328 321 320 
4 328 329 322 321 
4 329 330 323 322 
4 330 331 324 323 
4 331 332 325 324 
4 332 333 326 325 
3 333 319 326 
3 334 327 311 
4 334 335 328 327 
4 335 336 329 328 
4 336 337 330 329 
4 337 338 331 330 
4 338 339 332 331 
4 339 340 333 332 
3 340 319 333 
3 341 334 311 
4 341 342 335 334 
4 342 343 336 335 
4 343 344 337 336 
4 344 345 338 337 
4 345 346 339 338 
4 346 347 340 339 
3 347 319 340 
3 348 341 311 
4 348 349 342 341 
4 349 350 343 342 
4 350 351 344 343 
4 351 352 345 344 
4 352 353 346 345 
4 353 354 347 346 
3 354 319 347 
3 355 348 311 
4 355 356 349 348 
4 356 357 350 349 
4 357 358 351 350 
4 358 359 352 351 
4 359 360 353 352 
4 360 361 354 353 
3 361 319 354 
3 362 355 311 
4 362 363 356 355 
4 363 364 357 356 
4 364 365 358 357 
4 365 366 359 358 
4 366 367 360 359 
4 367 368 361 360 
3 368 319 361 
3 369 362 311 
4 369 370 363 362 
4 370 371 364 363 
4 371 372 365 364 
4 372 373 366 365 
4 373 374 367 366 
4 374 375 368 367 
3 375 319 368 
3 376 369 311 
4 376 377 370 369 
4 377 378 371 370 
4 378 379 372 371 
4 379 380 373 372 
4 380 381 374 373 
4 381 382 375 374 
3 382 319 375 
3 312 376 311 
4 312 313 377 376 
4 313 314 378 377 
4 314 315 379 378 
4 315 316 380 379 
4 316 317 381 380 
4 317 318 382 381 
3 318 319 382 
3 392 384 383 
4 392 393 385 384 
4 393 394 386 385 
4 394 395 387 386 
4 395 396 388 387 
4 396 397 389 388 
4 397 398 390 389 
3 398 391 390 
3 399 392 383 
4 399 400 393 392 
4 400 401 394 393 
4 401 402 395 394 
4 402 403 396 395 
4 403 404 397 396 
4 404 405 398 397 
3 405 391 398 
3 406 399 383 
4 406 407 400 399 
4 407 408 401 400 
4 408 409 402 401 
4 409 410 403 402 
4 410 411 404 403 
4 411 412 405 404 
3 412 391 405 
3 413 406 383 
4 413 414 407 406 
4 414 415 408 407 
4 415 416 409 408 
4 416 417 410 409 
4 417 418 411 410 
4 418 419 412 411 
3 419 391 412 
3 420 413 383 
4 420 421 414 413 
4 421 422 415 414 
4 422 423 416 415 
4 423 424 417 416 
4 424 425 418 417 
4 425 426 419 418 
3 426 391 419 
3 427 420 383 
4 427 428 421 420 
4 428 429 422 421 
4 429 430 423 422 
4 430 431 424 423 
4 431 432 425 424 
4 432 433 426 425 
3 433 391 426 
3 434 427 383 
4 434 435 428 427 
4 435 436 429 428 
4 436 437 430 429 
4 437 438 431 430 
4 438 439 432 431 
4 439 440 433 432 
3 440 391 433 
3 441 434 383 
4 441 442 435 434 
4 442 443 436 435 
4 443 444 437 436 
4 444 445 438 437 
4 445 446 439 438 
4 446 447 440 439 
3 447 391 440 
3 448 441 383 
4 448 449 442 441 
4 449 450 443 442 
4 450 451 444 443 
4 451 452 445 444 
4 452 453 446 445 
4 453 454 447 446 
3 454 391 447 
3 384 448 383 
4 384 385 449 448 
4 385 386 450 449 
4 386 387 451 450 
4 387 388 452 451 
4 388 389 453 452 
4 389 390 454 453 
3 390 391 454 
3 464 456 455 
4 464 465 457 456 
4 465 466 458 457 
4 466 467 459 458 
4 467 468 460 459 
4 468 469 461 460 
4 469 470 462 461 
3 470 463 462 
3 471 464 455 
4 471 472 465 464 
4 472 473 466 465 
4 473 474 467 466 
4 474 475 468 467 
4 475 476 469 468 
4 476 477 470 469 
3 477 463 470 
3 478 471 455 
4 478 479 472 471 
4 479 480 473 472 
4 480 481 474 473 
4 481 482 475 474 
4 482 483 476 475 
4 483 484 477 476 
3 484 463 477 
3 485 478 455 
4 485 486 479 478 
4 486 487 480 479 
4 487 488 481 480 
4 488 489 482 481 
4 489 490 483 482 
4 490 491 484 483 
3 491 463 484 
3 492 485 455 
4 492 493 486 485 
4 493 494 487 486 
4 494 495 488 487 
4 495 496 489 488 
4 496 497 490 489 
4 497 498 491 490 
3 498 463 491 
3 499 492 455 
4 499 500 493 492 
4 500 501 494 493 
4 501 502 495 494 
4 502 503 496 495 
4 503 504 497 496 
4 504 505 498 497 
3 505 463 498 
3 506 499 455 
4 506 507 500 499 
4 507 508 501 500 
4 508 509 502 501 
4 509 510 503 502 
4 510 511 504 503 
4 511 512 505 504 
3 512 463 505 
3 513 506 455 
4 513 514 507 506 
4 514 515 508 507 
4 515 516 509 508 
4 516 517 510 509 
4 517 518 511 510 
4 518 519 512 511 
3 519 463 512 
3 520 513 455 
4 520 521 514 513 
4 521 522 515 514 
4 522 523 516 515 
4 523 524 517 516 
4 524 525 518 517 
4 525 526 519 518 
3 526 463 519 
3 456 520 455 
4 456 457 521 520 
4 457 458 522 521 
4 458 459 523 522 
4 459 460 524 523 
4 460 461 525 524 
4 461 462 526 525 
3 462 463 526 
3 536 528 527 
4 536 537 529 528 
4 537 538 530 529 
4 538 539 531 530 
4 539 540 532 531 
4 540 541 533 532 
4 541 542 534 533 
3 542 535 534 
3 543 536 527 
4 543 544 537 536 
4 544 545 538 537 
4 545 546 539 538 
4 546 547 540 539 
4 547 548 541 540 
4 548 549 542 541 
3 549 535 542 
3 550 543 527 
4 550 551 544 543 
4 551 552 545 544 
4 552 553 546 545 
4 553 554 547 546 
4 554 555 548 547 
4 555 556 549 548 
3 556 535 549 
3 557 550 527 
4 557 558 551 550 
4 558 559 552 551 
4 559 560 553 552 
4 560 561 554 553 
4 561 562 555 554 
4 562 563 556 555 
3 563 535 556 
3 564 557 527 
4 564 565 558 557 
4 565 566 559 558 
4 566 567 560 559 
4 567 568 561 560 
4 568 569 562 561 
4 569 570 563 562 
3 570 535 563 
3 571 564 527 
4 571 572 565 564 
4 572 573 566 565 
4 573 574 567 566 
4 574 575 568 567 
4 575 576 569 568 
4 576 577 570 569 
3 577 535 570 
3 578 571 527 
4 578 579 572 571 
4 579 580 573 572 
4 580 581 574 573 
4 581 582 575 574 
4 582 583 576 575 
4 583 584 577 576 
3 584 535 577 
3 585 578 527 
4 585 586 579 578 
4 586 587 580 579 
4 587 588 581 580 
4 588 589 582 581 
4 589 590 583 582 
4 590 591 584 583 
3 591 535 584 
3 592 585 527 
4 592 593 586 585 
4 593 594 587 586 
4 594 595 588 587 
4 595 596 589 588 
4 596 597 590 589 
4 597 598 591 590 
3 598 535 591 
3 528 592 527 
4 528 529 593 592 
4 529 530 594 593 
4 530 531 595 594 
4 531 532 596 595 
4 532 533 597 596 
4 533 534 598 597 
3 534 535 598 
3 608 600 599 
4 608 609 601 600 
4 609 610 602 601 
4 610 611 603 602 
4 611 612 604 603 
4 612 613 605 604 
4 613 614 606 605 
3 614 607 606 
3 615 608 599 
4 615 616 609 608 
4 616 617 610 609 
4 617 618 611 610 
4 618 619 612 611 
4 619 620 613 612 
4 620 621 614 613 
3 621 607 614 
3 622 615 599 
4 622 623 616 615 
4 623 624 617 616 
4 624 625 618 617 
4 625 626 619 618 
4 626 627 620 619 
4 627 628 621 620 
3 628 607 621 
3 629 622 599 
4 629 630 623 622 
4 630 631 624 623 
4 631 632 625 624 
4 632 633 626 625 
4 633 634 627 626 
4 634 635 628 627 
3 635 607 628 
3 636 629 599 
4 636 637 630 629 
4 637 638 631 630 
4 638 639 632 631 
4 639 640 633 632 
4 640 641 634 633 
4 641 642 635 634 
3 642 607 635 
3 643 636 599 
4 643 644 637 636 
4 644 645 638 637 
4 645 646 639 638 
4 646 647 640 639 
4 647 648 641 640 
4 648 649 642 641 
3 649 607 642 
3 650 643 599 
4 650 651 644 643 
4 651 652 645 644 
4 652 653 646 645 
4 653 654 647 646 
4 654 655 648 647 
4 655 656 649 648 
3 656 607 649 
3 657 650 599 
4 657 658 651 650 
4 658 659 652 651 
4 659 660 653 652 
4 660 661 654 653 
4 661 662 655 654 
4 662 663 656 655 
3 663 607 656 
3 664 657 599 
4 664 665 658 657 
4 665 666 659 658 
4 666 667 660 659 
4 667 668 661 660 
4 668 669 662 661 
4 669 670 663 662 
3 670 607 663 
3 600 664 599 
4 600 601 665 664 
4 601 602 666 665 
4 602 603 667 666 
4 603 604 668 667 
4 604 605 669 668 
4 605 606 670 669 
3 606 607 670 
3 680 672 671 
4 680 681 673 672 
4 681 682 674 673 
4 682 683 675 674 
4 683 684 676 675 
4 684 685 677 676 
4 685 686 678 677 
3 686 679 678 
3 687 680 671 
4 687 688 681 680 
4 688 689 682 681 
4 689 690 683 682 
4 690 691 684 683 
4 691 692 685 684 
4 692 693 686 685 
3 693 679 686 
3 694 687 671 
4 694 695 688 687 
4 695 696 689 688 
4 696 697 690 689 
4 697 698 691 690 
4 698 699 692 691 
4 699 700 693 692 
3 700 679 693 
3 701 694 671 
4 701 702 695 694 
4 702 703 696 695 
4 703 704 697 696 
4 704 705 698 697 
4 705 706 699 698 
4 706 707 700 699 
3 707 679 700 
3 708 701 671 
4 708 709 702 701 
4 709 710 703 702 
4 710 711 704 703 
4 711 712 705 704 
4 712 713 706 705 
4 713 714 707 706 
3 714 679 707 
3 715 708 671 
4 715 716 709 708 
4 716 717 710 709 
4 717 718 711 710 
4 718 719 712 711 
4 719 720 713 712 
4 720 721 714 713 
3 721 679 714 
3 722 715 671 
4 722 723 716 715 
4 723 724 717 716 
4 724 725 718 717 
4 725 726 719 718 
4 726 727 720 719 
4 727 728 721 720 
3 728 679 721 
3 729 722 671 
4 729 730 723 722 
4 730 731 724 723 
4 731 732 725 724 
4 732 733 726 725 
4 733 734 727 726 
4 734 735 728 727 
3 735 679 728 
3 736 729 671 
4 736 737 730 729 
4 737 738 731 730 
4 738 739 732 731 
4 739 740 733 732 
4 740 741 734 733 
4 741 742 735 734 
3 742 679 735 
3 672 736 671 
4 672 673 737 736 
4 673 674 738 737 
4 674 675 739 738 
4 675 676 740 739 
4 676 677 741 740 
4 677 678 742 741 
3 678 679 742 
3 752 744 743 
4 752 753 745 744 
4 753 754 746 745 
4 754 755 747 746 
4 755 756 748 747 
4 756 757 749 748 
4 757 758 750 749 
3 758 751 750 
3 759 752 743 
4 759 760 753 752 
4 760 761 754 753 
4 761 762 755 754 
4 762 763 756 755 
4 763 764 757 756 
4 764 765 758 757 
3 765 751 758 
3 766 759 743 
4 766 767 760 759 
4 767 768 761 760 
4 768 769 762 761 
4 769 770 763 762 
4 770 771 764 763 
4 771 772 765 764 
3 772 751 765 
3 773 766 743 
4 773 774 767 766 
4 774 775 768 767 
4 775 776 769 768 
4 776 777 770 769 
4 777 778 771 770 
4 778 779 772 771 
3 779 751 772 
3 780 773 743 
4 780 781 774 773 
4 781 782 775 774 
4 782 783 776 775 
4 783 784 777 776 
4 784 785 778 777 
4 785 786 779 778 
3 786 751 779 
3 787 780 743 
4 787 788 781 780 
4 788 789 782 781 
4 789 790 783 782 
4 790 791 784 783 
4 791 792 785 784 
4 792 793 786 785 
3 793 751 786 
3 794 787 743 
4 794 795 788 787 
4 795 796 789 788 
4 796 797 790 789 
4 797 798 791 790 
4 798 799 792 791 
4 799 800 793 792 
3 800 751 793 
3 801 794 743 
4 801 802 795 794 
4 802 803 796 795 
4 803 804 797 796 
4 804 805 798 797 
4 805 806 799 798 
4 806 807 800 799 
3 807 751 800 
3 808 801 743 
4 808 809 802 801 
4 809 810 803 802 
4 810 811 804 803 
4 811 812 805 804 
4 812 813 806 805 
4 813 814 807 806 
3 814 751 807 
3 744 808 743 
4 744 745 809 808 
4 745 746 810 809 
4 746 747 811 810 
4 747 748 812 811 
4 748 749 813 812 
4 749 750 814 813 
3 750 751 814 
3 824 816 815 
4 824 825 817 816 
4 825 826 818 817 
4 826 827 819 818 
4 827 828 820 819 
4 828 829 821 820 
4 829 830 822 821 
3 830 823 822 
3 831 824 815 
4 831 832 825 824 
4 832 833 826 825 
4 833 834 827 826 
4 834 835 828 827 
4 835 836 829 828 
4 836 837 830 829 
3 837 823 830 
3 838 831 815 
4 838 839 832 831 
4 839 840 833 832 
4 840 841 834 833 
4 841 842 835 834 
4 842 843 836 835 
4 843 844 837 836 
3 844 823 837 
3 845 838 815 
4 845 846 839 838 
4 846 847 840 839 
4 847 848 841 840 
4 848 849 842 841 
4 849 850 843 842 
4 850 851 844 843 
3 851 823 844 
3 852 845 815 
4 852 853 846 845 
4 853 854 847 846 
4 854 855 848 847 
4 855 856 849 848 
4 856 857 850 849 
4 857 858 851 850 
3 858 823 851 
3 859 852 815 
4 859 860 853 852 
4 860 861 854 853 
4 861 862 855 854 
4 862 863 856 855 
4 863 864 857 856 
4 864 865 858 857 
3 865 823 858 
3 866 859 815 
4 866 867 860 859 
4 867 868 861 860 
4 868 869 862 861 
4 869 870 863 862 
4 870 871 864 863 
4 871 872 865 864 
3 872 823 865 
3 873 866 815 
4 873 874 867 866 
4 874 875 868 867 
4 875 876 869 868 
4 876 877 870 869 
4 877 878 871 870 
4 878 879 872 871 
3 879 823 872 
3 880 873 815 
4 880 881 874 873 
4 881 882 875 874 
4 882 883 876 875 
4 883 884 877 876 
4 884 885 878 877 
4 885 886 879 878 
3 886 823 879 
3 816 880 815 
4 816 817 881 880 
4 817 818 882 881 
4 818 819 883 882 
4 819 820 884 883 
4 820 821 885 884 
4 821 822 886 885 
3 822 823 886 
3 896 888 887 
4 896 897 889 888 
4 897 898 890 889 
4 898 899 891 890 
4 899 900 892 891 
4 900 901 893 892 
4 901 902 894 893 
3 902 895 894 
3 903 896 887 
4 903 904 897 896 
4 904 905 898 897 
4 905 906 899 898 
4 906 907 900 899 
4 907 908 901 900 
4 908 909 902 901 
3 909 895 902 
3 910 903 887 
4 910 911 904 903 
4 911 912 905 904 
4 912 913 906 905 
4 913 914 907 906 
4 914 915 908 907 
4 915 916 909 908 
3 916 895 909 
3 917 910 887 
4 917 918 911 910 
4 918 919 912 911 
4 919 920 913 912 
4 920 921 914 913 
4 921 922 915 914 
4 922 923 916 915 
3 923 895 916 
3 924 917 887 
4 924 925 918 917 
4 925 926 919 918 
4 926 927 920 919 
4 927 928 921 920 
4 928 929 922 921 
4 929 930 923 922 
3 930 895 923 
3 931 924 887 
4 931 932 925 924 
4 932 933 926 925 
4 933 934 927 926 
4 934 935 928 927 
4 935 936 929 928 
4 936 937 930 929 
3 937 895 930 
3 938 931 887 
4 938 939 932 931 
4 939 940 933 932 
4 940 941 934 933 
4 941 942 935 934 
4 942 943 936 935 
4 943 944 937 936 
3 944 895 937 
3 945 938 887 
4 945 946 939 938 
4 946 947 940 939 
4 947 948 941 940 
4 948 949 942 941 
4 949 950 943 942 
4 950 951 944 943 
3 951 895 944 
3 952 945 887 
4 952 953 946 945 
4 953 954 947 946 
4 954 955 948 947 
4 955 956 949 948 
4 956 957 950 949 
4 957 958 951 950 
3 958 895 951 
3 888 952 887 
4 888 889 953 952 
4 889 890 954 953 
4 890 891 955 954 
4 891 892 956 955 
4 892 893 957 956 
4 893 894 958 957 
3 894 895 958 
