132 265
-0.014411 -0.013599 -0.016180 -0.418960 -0.416334 -0.806932
-0.000085  0.009028 -0.020875  0.087744  0.092638 -0.991826
-0.013114  0.003311 -0.020568 -0.505319  0.195000 -0.840612
-0.015467  0.015633 -0.008531 -0.645616  0.669388 -0.367559
-0.004822  0.015113 -0.017986 -0.225474  0.599399 -0.768038
-0.002784  0.019901 -0.012436 -0.172764  0.872120 -0.457777
 0.005878  0.016242 -0.016682  0.242718  0.666638 -0.704757
 0.003556 -0.019732 -0.016088  0.208391 -0.602918 -0.770106
-0.007062  0.022360  0.000327 -0.294446  0.955359  0.024326
-0.005579  0.016913  0.016052 -0.167976  0.813127  0.557323
 0.007823  0.021768  0.005335  0.295983  0.932848  0.205401
-0.023660  0.000967 -0.006164 -0.957171 -0.002194 -0.289516
-0.019055  0.012640  0.007551 -0.788623  0.569787  0.231118
-0.014759  0.010038  0.016963 -0.626153  0.310243  0.715320
-0.023220 -0.006689  0.005091 -0.947705 -0.125227  0.293552
 0.001598  0.010357  0.022321  0.036352  0.389302  0.920393
 0.015349 -0.020967 -0.003978  0.415559 -0.905406 -0.086892
 0.021216 -0.015083 -0.004167  0.805352 -0.427913 -0.410243
 0.024599 -0.004204  0.008415  0.961986 -0.027862  0.271675
 0.020854  0.012847  0.002001  0.798707  0.599830  0.047648
 0.023795  0.002147 -0.007742  0.905738  0.123594 -0.405418
 0.016198 -0.004698  0.020099  0.642534 -0.109134  0.758446
 0.014600  0.010018  0.018402  0.544194  0.541475  0.640826
 0.020209 -0.015490  0.007689  0.699895 -0.644567  0.307701
 0.010503  0.019403 -0.007659  0.465092  0.846602 -0.258755
 0.015148  0.014049 -0.012575  0.644166  0.573704 -0.505879
 0.013223  0.008363 -0.016910  0.505003  0.069488 -0.860316
 0.003569  0.021949 -0.007794  0.138056  0.952659 -0.270891
-0.008366 -0.019571 -0.014054 -0.443859 -0.808123 -0.387203
-0.019784 -0.021302  0.028702 -0.896660  0.375042 -0.235253
-0.038873 -0.035552  0.036553 -0.982128  0.080483 -0.170139
-0.023914 -0.020013  0.040535 -0.315554  0.207152 -0.926020
-0.012644 -0.006672  0.034800 -0.505684  0.814135 -0.285426
-0.021400 -0.006447  0.037326  0.219587  0.085667 -0.971824
-0.006106  0.000178  0.052153  0.327611  0.911642  0.248153
-0.000296 -0.003930  0.046573  0.544780  0.740904  0.392780
-0.027703 -0.000529  0.033084  0.303808  0.400564 -0.864436
-0.014970 -0.036348  0.011294 -0.353990 -0.023748 -0.934948
-0.000799 -0.022939  0.003413  0.093977 -0.899561 -0.426565
-0.011075 -0.021155  0.001915 -0.378135 -0.868219 -0.321261
 0.006804 -0.007788  0.026210  0.705325  0.225129  0.672186
 0.007199 -0.012994  0.040921  0.913051  0.280848  0.295741
 0.006727 -0.021807  0.031446  0.980109 -0.171208  0.100371
 0.009922 -0.017790  0.017339  0.827415 -0.459096  0.323441
-0.006907 -0.001849  0.023130 -0.170932  0.757187  0.630436
 0.001064 -0.037655  0.016995  0.766579 -0.396415 -0.505184
-0.016721 -0.005802  0.015672 -0.892616  0.205697  0.401156
-0.017036 -0.015848  0.008164 -0.929007 -0.361885  0.077364
 0.007431 -0.021097  0.009590  0.551147 -0.816776 -0.170626
-0.008677 -0.038008  0.012070  0.292919 -0.475529 -0.829500
-0.020884 -0.012612 -0.006464 -0.811498 -0.540004 -0.223309
-0.009739 -0.033800  0.063565  0.199627 -0.064111  0.977772
-0.000133 -0.017752  0.052621  0.717797  0.141099  0.681806
-0.032658 -0.019884  0.057844 -0.734460  0.112700  0.669229
-0.038101 -0.020758  0.036682 -0.345828 -0.128587 -0.929445
-0.021799  0.002975  0.045035 -0.063777  0.996804  0.048117
-0.034625 -0.000166  0.034015 -0.748364  0.643846 -0.159416
-0.030773 -0.003437  0.051281 -0.468808  0.651823  0.596108
-0.020019 -0.065406  0.016430  0.132364 -0.722576 -0.678501
 0.001888 -0.050437  0.023684  0.819133 -0.174987 -0.546260
-0.021987 -0.068660  0.022683 -0.501501 -0.778718 -0.376955
-0.026600 -0.063557  0.027570 -0.849411 -0.526784 -0.031606
-0.028167 -0.055362  0.049683 -0.783605 -0.380170  0.491359
-0.009061 -0.053777  0.053565  0.441878 -0.140576  0.885992
-0.004804 -0.033083  0.057768  0.887103 -0.138404  0.440332
 0.001828 -0.052047  0.040406  0.931449  0.100684  0.349664
-0.010321 -0.052184  0.017045  0.538760 -0.309576 -0.783518
-0.018704 -0.059084  0.009752  0.369319 -0.508299 -0.777969
-0.021112 -0.052592  0.006843  0.346068  0.120590 -0.930427
-0.029304 -0.050557  0.014592 -0.822206 -0.172816 -0.542321
-0.009861 -0.122673  0.038411 -0.908478 -0.206666 -0.363258
-0.009102 -0.122405  0.046093 -0.740936 -0.241706  0.626572
-0.012222 -0.089393  0.052363 -0.289183 -0.119994  0.949723
 0.001741 -0.122401  0.050699  0.272099 -0.034674  0.961644
 0.005040 -0.211145  0.023398 -0.958923 -0.063028 -0.276576
 0.010553 -0.116796  0.021375 -0.027462  0.012294 -0.999547
-0.015962 -0.076564  0.025905 -0.576054 -0.328132 -0.748659
 0.017877 -0.118250  0.032993  0.981111  0.163418  0.103517
 0.024022 -0.208574  0.013659  0.364553  0.154987 -0.918194
 0.028598 -0.338751 -0.004223  0.683692  0.145924 -0.715033
 0.013099 -0.337486 -0.002011 -0.701590  0.180372 -0.689374
 0.031584 -0.209816  0.030582  0.972575  0.075454  0.220010
 0.019687 -0.211943  0.041596 -0.098413 -0.128671  0.986792
 0.034582 -0.340055  0.018527  0.924287 -0.031829  0.380368
 0.007690 -0.336543  0.018517 -0.926054  0.026670  0.376447
 0.022141 -0.339969  0.025315  0.067283 -0.035172  0.997114
-0.018817 -0.396660 -0.017185 -0.572593  0.660844  0.485204
-0.025855 -0.405832 -0.025819 -0.998290 -0.007679  0.057953
-0.019174 -0.406372 -0.013821 -0.437868 -0.018030  0.898858
-0.006637 -0.423938 -0.016572 -0.506699 -0.535322  0.675786
-0.013248 -0.426032 -0.025707 -0.532815 -0.841628  0.088144
-0.010709 -0.421015 -0.040216 -0.387352 -0.374944 -0.842244
-0.012680 -0.392909 -0.023438 -0.421679  0.906394  0.025228
-0.004223 -0.407482 -0.013366 -0.541599 -0.123216  0.831558
-0.008109 -0.395588 -0.015360 -0.396651  0.593571  0.700244
-0.003592 -0.395753 -0.006723 -0.951977  0.297047  0.074177
 0.003231 -0.389068 -0.020041 -0.667885  0.742540  0.050637
 0.008299 -0.418658 -0.001633 -0.578964 -0.809593  0.096743
 0.011538 -0.429623 -0.015637  0.019737 -0.952569  0.303682
 0.022330 -0.416680  0.000253  0.526410 -0.825224  0.204692
 0.029416 -0.422512 -0.014000  0.645011 -0.755207  0.116715
 0.007325 -0.375443  0.003419 -0.920406  0.359642 -0.153331
 0.013559 -0.372458 -0.019040 -0.158200  0.630155 -0.760182
 0.030000 -0.379072 -0.002339  0.953251  0.084469 -0.290134
 0.035330 -0.410738 -0.011388  0.955062 -0.057357 -0.290805
 0.032574 -0.401500  0.002409  0.989553 -0.072036 -0.124884
 0.016776 -0.427124 -0.027836  0.550716 -0.631881 -0.545379
 0.001941 -0.429016 -0.033663 -0.121331 -0.981224 -0.149925
 0.008835 -0.401997 -0.041705  0.425249  0.096284 -0.899941
-0.006762 -0.395785 -0.039972 -0.221168  0.523914 -0.822556
 0.005616 -0.387013 -0.035951 -0.258208  0.807671 -0.530091
-0.017644 -0.397568 -0.037915 -0.612202  0.508238 -0.605725
 0.011653 -0.388739 -0.032537  0.662821  0.379355 -0.645568
-0.023440 -0.401921  0.027443 -0.870067  0.316881  0.377585
-0.023009 -0.413686  0.017612 -0.796340 -0.573389 -0.192528
-0.022800 -0.402803  0.015179 -0.895345  0.244522 -0.372245
-0.017429 -0.411801  0.006657 -0.661268 -0.245208 -0.708941
-0.014682 -0.391722  0.014773 -0.647043  0.700793 -0.300373
 0.008596 -0.425185  0.015568  0.009032 -0.967071 -0.254346
-0.007208 -0.423603  0.033145 -0.129253 -0.794413  0.593466
-0.015598 -0.394929  0.028678 -0.616021  0.669890  0.414446
-0.001075 -0.386388  0.013885 -0.646051  0.746918 -0.157260
 0.005931 -0.376971  0.024925 -0.470361  0.544994  0.694076
-0.006980 -0.396154  0.002524 -0.709749  0.313471 -0.630866
 0.032032 -0.380506  0.019659  0.858118  0.155532  0.489330
 0.014189 -0.404597  0.033742  0.336123  0.035726  0.941140
 0.038085 -0.403247  0.021679  0.974869 -0.046834  0.217800
 0.026238 -0.422484  0.024092  0.535439 -0.744215  0.399311
 0.033575 -0.411492  0.012062  0.736927 -0.611071 -0.289016
-0.003949 -0.390844  0.036919 -0.146611  0.382356  0.912310
-0.020617 -0.415872  0.030533 -0.707405 -0.358380  0.609214
-0.004249 -0.405188  0.037892 -0.238767  0.012873  0.970992
3 3 2 1 
3 6 5 4 
3 6 7 5 
3 2 8 1 
3 6 4 9 
3 11 9 10 
3 4 12 13 
3 9 13 10 
3 13 14 10 
3 13 15 14 
3 10 14 16 
3 8 18 17 
3 21 20 19 
3 19 23 22 
3 19 22 24 
3 11 10 23 
3 25 11 20 
3 18 24 17 
3 20 23 19 
3 20 11 23 
3 27 26 21 
3 27 21 18 
3 26 7 25 
3 23 10 16 
3 22 23 16 
3 7 27 2 
3 7 6 28 
3 28 9 11 
3 6 9 28 
3 13 12 15 
3 26 20 21 
3 25 28 11 
3 3 1 12 
3 8 29 1 
3 1 29 12 
3 27 18 8 
3 21 19 18 
3 18 19 24 
3 5 2 3 
3 4 3 12 
3 30 31 32 
3 33 30 32 
3 33 32 34 
3 33 35 36 
3 34 37 35 
3 40 39 38 
3 41 42 43 
3 44 41 43 
3 41 45 42 
3 44 43 46 
3 42 45 36 
3 45 33 36 
3 47 30 33 
3 47 48 30 
3 49 46 50 
3 39 49 50 
3 45 47 33 
3 39 50 38 
3 40 38 48 
3 48 38 30 
3 51 29 40 
3 51 40 48 
3 15 51 48 
3 45 14 47 
3 16 14 45 
3 15 48 47 
3 14 15 47 
3 16 45 41 
3 22 16 41 
3 22 41 44 
3 24 22 44 
3 8 17 39 
3 8 39 29 
3 29 39 40 
3 24 44 49 
3 17 24 49 
3 17 49 39 
3 35 52 36 
3 52 53 36 
3 35 54 52 
3 55 37 34 
3 56 37 57 
3 30 38 31 
3 34 32 55 
3 58 54 35 
3 56 58 35 
3 54 55 31 
3 54 57 55 
3 56 57 58 
3 55 57 37 
3 35 37 56 
3 33 34 35 
3 59 60 61 
3 31 62 63 
3 63 62 61 
3 53 42 36 
3 52 64 65 
3 65 64 66 
3 60 65 66 
3 42 65 43 
3 60 67 46 
3 50 46 67 
3 67 60 59 
3 68 67 59 
3 69 38 67 
3 50 67 38 
3 69 70 38 
3 69 68 70 
3 68 69 70 
3 61 70 59 
3 70 62 31 
3 63 64 52 
3 53 65 42 
3 62 70 61 
3 70 68 59 
3 63 71 72 
3 73 63 72 
3 64 63 73 
3 64 73 74 
3 71 76 75 
3 71 75 72 
3 60 77 61 
3 77 76 71 
3 63 77 71 
3 61 77 63 
3 64 78 66 
3 74 78 64 
3 79 80 81 
3 75 79 81 
3 66 78 60 
3 60 78 76 
3 76 78 79 
3 76 79 75 
3 74 82 78 
3 78 82 79 
3 79 82 80 
3 72 75 83 
3 74 72 83 
3 74 83 82 
3 84 82 83 
3 80 82 84 
3 83 75 85 
3 84 83 86 
3 83 85 86 
3 75 81 85 
3 73 72 74 
3 87 88 89 
3 89 88 90 
3 91 88 92 
3 93 88 87 
3 89 90 94 
3 89 94 95 
3 95 94 96 
3 97 95 96 
3 90 98 94 
3 94 98 96 
3 99 100 98 
3 90 99 98 
3 101 100 99 
3 96 102 97 
3 103 102 81 
3 81 102 85 
3 97 102 103 
3 80 104 103 
3 103 104 105 
3 105 104 106 
3 100 105 106 
3 101 105 100 
3 91 99 90 
3 95 93 87 
3 108 107 99 
3 97 93 95 
3 92 109 107 
3 92 110 109 
3 111 109 110 
3 93 111 110 
3 108 91 92 
3 93 112 88 
3 92 107 108 
3 110 112 93 
3 113 111 103 
3 107 105 101 
3 99 107 101 
3 103 81 80 
3 107 109 105 
3 108 107 92 
3 105 113 103 
3 97 111 93 
3 111 97 103 
3 111 97 103 
3 109 111 113 
3 116 115 114 
3 117 115 116 
3 118 117 116 
3 118 116 114 
3 119 120 115 
3 119 115 117 
3 121 118 114 
3 121 122 118 
3 123 122 121 
3 124 122 96 
3 124 117 118 
3 124 118 122 
3 124 98 117 
3 122 102 96 
3 123 102 122 
3 102 123 85 
3 125 86 123 
3 119 98 100 
3 85 123 86 
3 80 84 104 
3 84 125 104 
3 104 125 106 
3 84 86 125 
3 125 123 126 
3 127 125 126 
3 128 120 119 
3 106 127 129 
3 100 106 129 
3 100 129 119 
3 129 128 119 
3 123 130 126 
3 130 123 121 
3 115 131 114 
3 130 121 132 
3 132 121 114 
3 131 120 132 
3 131 132 114 
3 126 132 120 
3 130 132 126 
3 106 125 127 
3 106 125 127 
3 120 131 115 
3 129 127 128 
3 128 127 126 
3 128 126 120 
3 119 117 98 
3 27 8 2 
3 7 26 27 
3 2 5 7 
3 3 4 5 
3 28 25 7 
3 26 25 20 
3 4 13 9 
3 12 29 51 
3 51 15 12 
3 58 57 54 
3 52 31 63 
3 31 52 54 
3 53 52 65 
3 65 60 43 
3 60 46 43 
3 38 40 48 
3 46 49 44 
3 38 70 31 
3 31 55 32 
3 67 68 69 
3 77 60 76 
3 110 92 112 
3 112 92 88 
3 87 89 95 
3 88 91 90 
3 105 109 113 
3 108 99 91 
3 96 98 124 
