122 130
-0.004000 -0.425441  0.030000  0.739011 -0.611425  0.282882
-0.004000 -0.431823  0.024600  0.454458 -0.785139 -0.420744
-0.004000 -0.422082  0.024060  0.092759 -0.269543 -0.958511
-0.004000 -0.410660  0.020010  0.322190 -0.125363 -0.938338
-0.004000 -0.392520  0.022440 -0.271435  0.230431 -0.934465
-0.004000 -0.382444  0.024330 -0.465676  0.175423 -0.867395
-0.004000 -0.322989  0.021090 -0.121972 -0.013602 -0.992440
-0.004000 -0.255471  0.020010 -0.180904 -0.003793 -0.983494
-0.004000 -0.205421  0.020010 -0.188712  0.012112 -0.981958
-0.004000 -0.154364  0.021630 -0.256734  0.033735 -0.965893
-0.004000 -0.120437  0.024330 -0.159366  0.027779 -0.986829
-0.004000 -0.083823  0.026490  0.055689  0.045570 -0.997408
-0.004000 -0.070387  0.025950  0.180890  0.337372 -0.923828
-0.004000 -0.065685  0.030000  0.518055  0.739163 -0.430415
-0.000350 -0.424433  0.024976  0.797393 -0.534376 -0.280368
 0.001713 -0.415363  0.022137  0.564620 -0.170404 -0.807568
 0.001237 -0.404111  0.022792  0.696073  0.014801 -0.717819
 0.000126 -0.387819  0.024321  0.343823  0.136572 -0.929050
-0.000826 -0.365481  0.025631  0.498369  0.046752 -0.865704
 0.000840 -0.301155  0.023337  0.755345 -0.028809 -0.654694
 0.001555 -0.226584  0.022354  0.708135 -0.005007 -0.706059
 0.001237 -0.176366  0.022792  0.648732  0.017247 -0.760821
 0.000443 -0.125979  0.023884  0.371406  0.042785 -0.927484
 0.000126 -0.101459  0.024321 -0.008626  0.017308 -0.999813
 0.001158 -0.081305  0.022901 -0.009342  0.036534 -0.999289
-0.000429 -0.068708  0.025085 -0.074017  0.459501 -0.885088
 0.002676 -0.417044  0.027831  0.825323 -0.562009 -0.054663
 0.008839 -0.408645  0.025828  0.935750 -0.128250 -0.328519
 0.003447 -0.397560  0.027580  0.940913  0.184893 -0.283719
 0.002162 -0.383116  0.027997  0.922158  0.083694 -0.377650
 0.000879 -0.348518  0.028414  0.952209  0.010722 -0.305258
 0.003190 -0.279321  0.027664  0.979756 -0.025479 -0.198569
 0.004474 -0.197696  0.027247  0.971918 -0.000040 -0.235320
 0.003447 -0.147310  0.027580  0.962109  0.019791 -0.271945
 0.002420 -0.097595  0.027914  0.922697 -0.009126 -0.385419
 0.003960 -0.082480  0.027413  0.772494 -0.310126 -0.554143
 0.009352 -0.078786  0.025661  0.773058 -0.092933 -0.627491
 0.003704 -0.067028  0.027497  0.460051  0.769818 -0.442418
 0.002676 -0.417044  0.032169  0.786104 -0.615131  0.060448
 0.008839 -0.408645  0.034171  0.955708 -0.098335  0.277403
 0.003447 -0.397560  0.032420  0.926850  0.277822  0.252515
 0.002162 -0.383116  0.032002  0.990686  0.065038  0.119632
 0.000879 -0.348518  0.031586  0.952398  0.007110  0.304775
 0.003190 -0.279321  0.032336  0.833996 -0.024079  0.551245
 0.004474 -0.197696  0.032753  0.955586  0.003574  0.294692
 0.003447 -0.147310  0.032420  0.999468  0.020673  0.025226
 0.002420 -0.097595  0.032086  0.998963 -0.041389 -0.018962
 0.003960 -0.082480  0.032587  0.826287 -0.494442  0.269771
 0.009352 -0.078786  0.034339  0.840090 -0.198869  0.504677
 0.003704 -0.067028  0.032503  0.606117  0.794206  0.043128
 0.001476 -0.419899  0.037536  0.664331 -0.660884  0.349136
 0.004094 -0.409821  0.041140  0.614056 -0.043133  0.788083
-0.000270 -0.394706  0.035134  0.578972  0.265195  0.771014
-0.000509 -0.370015  0.034805  0.742996  0.045000  0.667781
-0.000985 -0.301996  0.034150  0.410263  0.010063  0.911912
-0.000905 -0.218354  0.034260  0.034149 -0.015007  0.999304
 0.000364 -0.160746  0.036007  0.480290 -0.019424  0.876895
 0.001555 -0.121949  0.037645  0.865885 -0.034187  0.499074
 0.003538 -0.091717  0.040376  0.925684 -0.063780  0.372882
 0.003856 -0.077777  0.040813  0.617882 -0.153126  0.771216
 0.003141 -0.072571  0.039830  0.402741  0.178587  0.897723
-0.000191 -0.064341  0.035242  0.585391  0.802003  0.118782
-0.004000 -0.422753  0.041610  0.253293 -0.713246  0.653547
-0.004000 -0.410996  0.044040 -0.052481  0.076921  0.995655
-0.004000 -0.391850  0.034860  0.180795  0.223407  0.957811
-0.004000 -0.356915  0.035400  0.331556  0.004065  0.943427
-0.004000 -0.255471  0.035130 -0.122115  0.008505  0.992480
-0.004000 -0.157387  0.032970 -0.112888 -0.014298  0.993505
-0.004000 -0.123797  0.035940  0.538404 -0.063686  0.840277
-0.004000 -0.096588  0.041070  0.707113 -0.152435  0.690475
-0.004000 -0.085840  0.048900  0.496790 -0.151017  0.854631
-0.004000 -0.073075  0.048360 -0.023355  0.310552  0.950270
-0.004000 -0.066356  0.040260  0.211000  0.586738  0.781804
-0.004000 -0.061653  0.034860  0.595300  0.797710  0.096317
-0.008047 -0.425945  0.035570 -0.068856 -0.656292  0.751359
-0.010665 -0.415029  0.039175 -0.586484  0.006758  0.809933
-0.009713 -0.402096  0.037863 -0.174025  0.136114  0.975289
-0.010110 -0.380934  0.038410 -0.203660  0.002118  0.979039
-0.008285 -0.328532  0.035898 -0.781507  0.029749  0.623187
-0.006460 -0.269580  0.033386 -0.707980 -0.001342  0.706231
-0.006777 -0.219362  0.033822 -0.037046 -0.103376  0.993952
-0.008443 -0.156043  0.036116 -0.206794 -0.389958  0.897312
-0.010745 -0.117079  0.039284 -0.919628 -0.167587  0.355244
-0.011221 -0.094405  0.039939 -0.778041  0.217116  0.589503
-0.011935 -0.069043  0.040922 -0.148556  0.572094  0.806622
-0.007095 -0.059135  0.034260  0.555447  0.804560  0.210146
-0.006055 -0.429136  0.030668 -0.025283 -0.871420  0.489885
-0.012217 -0.419059  0.032670 -0.846082 -0.393002  0.360133
-0.017866 -0.412340  0.034505 -0.803730 -0.203166  0.559233
-0.018637 -0.404950  0.034756 -0.882138  0.246057  0.401608
-0.012987 -0.401592  0.032921 -0.948974  0.310776  0.053547
-0.009135 -0.381773  0.031669 -0.992789  0.060514  0.103482
-0.007338 -0.314928  0.031084 -0.975312 -0.006476  0.220735
-0.007852 -0.215499  0.031252 -0.999029 -0.021631  0.038374
-0.007852 -0.148318  0.031252 -0.996618 -0.030899 -0.076138
-0.009906 -0.115734  0.031919 -0.976308 -0.096599  0.193629
-0.019921 -0.071731  0.035173 -0.811578  0.289748  0.507334
-0.009393 -0.056615  0.031752  0.284902  0.929916  0.232566
-0.006055 -0.429136  0.029332  0.097156 -0.982108 -0.161320
-0.012217 -0.419059  0.027330 -0.730573 -0.600137 -0.325730
-0.017866 -0.412340  0.025495 -0.788032 -0.412251 -0.457226
-0.018637 -0.404950  0.025244 -0.903241  0.423982 -0.066299
-0.012987 -0.401592  0.027079 -0.796513  0.470079  0.380253
-0.009135 -0.381773  0.028331 -0.966837  0.091757  0.238344
-0.007338 -0.314928  0.028916 -0.996048  0.010014  0.088253
-0.007852 -0.215499  0.028748 -0.999997 -0.002561  0.000638
-0.007852 -0.148318  0.028748 -0.984463 -0.032549 -0.172546
-0.009906 -0.115734  0.028081 -0.889831 -0.141755 -0.433712
-0.019921 -0.071731  0.024827 -0.757958  0.158971 -0.632636
-0.009393 -0.056615  0.028248  0.334174  0.755430 -0.563608
-0.006222 -0.430480  0.026942  0.219613 -0.933992 -0.281832
-0.008285 -0.420571  0.024102 -0.318856 -0.473248 -0.821199
-0.011221 -0.411500  0.020061 -0.183504 -0.275957 -0.943491
-0.010745 -0.398736  0.020716 -0.702267  0.372298 -0.606807
-0.008443 -0.392018  0.023884 -0.934738  0.339805  0.103908
-0.008206 -0.352382  0.024211 -0.986987  0.047323 -0.153676
-0.007967 -0.285200  0.024539 -0.961814  0.005678 -0.273644
-0.008126 -0.210460  0.024321 -0.920888  0.001359 -0.389825
-0.007650 -0.151340  0.024976 -0.749601 -0.011447 -0.661791
-0.007491 -0.118086  0.025195 -0.234179 -0.069770 -0.969687
-0.009952 -0.077777  0.021809  0.150980  0.075067 -0.985682
-0.006857 -0.063501  0.026068  0.563703  0.349530 -0.748377
3 1 2 15 
4 2 3 16 15 
4 3 4 17 16 
4 4 5 18 17 
4 5 6 19 18 
4 6 7 20 19 
4 7 8 21 20 
4 8 9 22 21 
4 9 10 23 22 
4 10 11 24 23 
4 11 12 25 24 
4 12 13 26 25 
3 13 14 26 
3 1 15 27 
4 15 16 28 27 
4 16 17 29 28 
4 17 18 30 29 
4 18 19 31 30 
4 19 20 32 31 
4 20 21 33 32 
4 21 22 34 33 
4 22 23 35 34 
4 23 24 36 35 
4 24 25 37 36 
4 25 26 38 37 
3 26 14 38 
3 1 27 39 
4 27 28 40 39 
4 28 29 41 40 
4 29 30 42 41 
4 30 31 43 42 
4 31 32 44 43 
4 32 33 45 44 
4 33 34 46 45 
4 34 35 47 46 
4 35 36 48 47 
4 36 37 49 48 
4 37 38 50 49 
3 38 14 50 
3 1 39 51 
4 39 40 52 51 
4 40 41 53 52 
4 41 42 54 53 
4 42 43 55 54 
4 43 44 56 55 
4 44 45 57 56 
4 45 46 58 57 
4 46 47 59 58 
4 47 48 60 59 
4 48 49 61 60 
4 49 50 62 61 
3 50 14 62 
3 1 51 63 
4 51 52 64 63 
4 52 53 65 64 
4 53 54 66 65 
4 54 55 67 66 
4 55 56 68 67 
4 56 57 69 68 
4 57 58 70 69 
4 58 59 71 70 
4 59 60 72 71 
4 60 61 73 72 
4 61 62 74 73 
3 62 14 74 
3 1 63 75 
4 63 64 76 75 
4 64 65 77 76 
4 65 66 78 77 
4 66 67 79 78 
4 67 68 80 79 
4 68 69 81 80 
4 69 70 82 81 
4 70 71 83 82 
4 71 72 84 83 
4 72 73 85 84 
4 73 74 86 85 
3 74 14 86 
3 1 75 87 
4 75 76 88 87 
4 76 77 89 88 
4 77 78 90 89 
4 78 79 91 90 
4 79 80 92 91 
4 80 81 93 92 
4 81 82 94 93 
4 82 83 95 94 
4 83 84 96 95 
4 84 85 97 96 
4 85 86 98 97 
3 86 14 98 
3 1 87 99 
4 87 88 100 99 
4 88 89 101 100 
4 89 90 102 101 
4 90 91 103 102 
4 91 92 104 103 
4 92 93 105 104 
4 93 94 106 105 
4 94 95 107 106 
4 95 96 108 107 
4 96 97 109 108 
4 97 98 110 109 
3 98 14 110 
3 1 99 111 
4 99 100 112 111 
4 100 101 113 112 
4 101 102 114 113 
4 102 103 115 114 
4 103 104 116 115 
4 104 105 117 116 
4 105 106 118 117 
4 106 107 119 118 
4 107 108 120 119 
4 108 109 121 120 
4 109 110 122 121 
3 110 14 122 
3 1 111 2 
4 111 112 3 2 
4 112 113 4 3 
4 113 114 5 4 
4 114 115 6 5 
4 115 116 7 6 
4 116 117 8 7 
4 117 118 9 8 
4 118 119 10 9 
4 119 120 11 10 
4 120 121 12 11 
4 121 122 13 12 
3 122 14 13 
