1000 1455
 0.183498  0.000285 -0.029396  0.905291 -0.323988 -0.274737
 0.183739 -0.000368 -0.020450  0.874738 -0.332619  0.352418
 0.179594  0.000872 -0.016570  0.378240 -0.189192  0.906168
 0.173859  0.002874 -0.015709 -0.460246  0.100900  0.882039
 0.171105  0.004099 -0.019477 -0.568383  0.133419  0.811875
 0.165392  0.006208 -0.020456 -0.066189 -0.074902  0.994992
 0.149399  0.011833 -0.018741  0.230062 -0.128622  0.964639
 0.130372  0.018019 -0.008721  0.243072 -0.040871  0.969147
 0.127054  0.019205 -0.008671 -0.193847  0.181678  0.964062
 0.123850  0.020489 -0.010808 -0.763966  0.459926  0.452574
 0.125562  0.020012 -0.012960 -0.914402  0.404782 -0.004512
 0.125108  0.020521 -0.018450 -0.860267  0.381631  0.338079
 0.120891  0.022527 -0.026280 -0.828886  0.479954  0.287388
 0.183817  0.004485 -0.022895  0.931293  0.314752  0.183372
 0.179144  0.008157 -0.019625  0.562358  0.586687  0.582711
 0.174658  0.010010 -0.019010 -0.419333  0.670518  0.612017
 0.172901  0.008947 -0.021471 -0.551356  0.594702  0.585094
 0.167422  0.010278 -0.022128  0.170272  0.628972  0.758553
 0.151926  0.016076 -0.020915  0.397693  0.640992  0.656483
 0.134343  0.025761 -0.014846  0.438052  0.692496  0.573201
 0.129658  0.027556 -0.014417  0.120771  0.793628  0.596296
 0.125867  0.027864 -0.015796 -0.548332  0.663863  0.508545
 0.124746  0.026284 -0.018730 -0.938429  0.080286  0.336014
 0.124446  0.024217 -0.021998 -0.906157  0.110467  0.408261
 0.182715  0.006735 -0.026953  0.886558  0.462215 -0.019314
 0.177077  0.012106 -0.025361  0.571129  0.802587  0.172238
 0.173767  0.013619 -0.025064 -0.503358  0.831467  0.235146
 0.173556  0.011673 -0.025841 -0.618850  0.741774  0.258447
 0.168473  0.012581 -0.025938  0.251683  0.919162  0.302979
 0.153325  0.018075 -0.025141  0.410476  0.886988  0.211570
 0.135809  0.027330 -0.023087  0.445698  0.882453  0.150435
 0.129806  0.030023 -0.022570  0.215663  0.958393  0.187010
 0.125749  0.030118 -0.022893 -0.378098  0.887568  0.263184
 0.121871  0.026669 -0.024579 -0.930626  0.179187  0.319102
 0.122545  0.024297 -0.025443 -0.938039  0.125646  0.322949
 0.182206  0.007163 -0.030831  0.888758  0.407404 -0.210073
 0.176292  0.012766 -0.031354  0.615081  0.760521 -0.208049
 0.172952  0.014303 -0.031270 -0.190333  0.937737 -0.290555
 0.172908  0.012217 -0.030777 -0.322639  0.927438 -0.189113
 0.167901  0.013063 -0.030310  0.218207  0.937237 -0.271980
 0.152743  0.018565 -0.029582  0.286044  0.839189 -0.462537
 0.134977  0.028029 -0.029433  0.392710  0.799722 -0.454118
 0.128928  0.030761 -0.029269  0.285241  0.883033 -0.372679
 0.124981  0.030763 -0.028745 -0.325567  0.899472 -0.291473
 0.121501  0.026980 -0.027400 -0.841636  0.538810 -0.036497
 0.122350  0.024461 -0.026924 -0.835431  0.515416  0.190795
 0.181759  0.004159 -0.033042  0.881416  0.232116 -0.411374
 0.177677  0.008137 -0.035737  0.669802  0.501491 -0.547605
 0.174526  0.009871 -0.036282  0.171975  0.642081 -0.747099
 0.173105  0.009647 -0.035378  0.066356  0.729347 -0.680918
 0.168868  0.011076 -0.035078  0.017147  0.536029 -0.844026
 0.156123  0.014148 -0.032776 -0.150604  0.145710 -0.977797
 0.134032  0.022725 -0.032510  0.131081  0.164674 -0.977599
 0.128765  0.025209 -0.032950  0.349370  0.352761 -0.868044
 0.125743  0.026398 -0.032931 -0.019621  0.547046 -0.836873
 0.122756  0.025390 -0.030412 -0.426826  0.733602 -0.528817
 0.121725  0.024492 -0.028912 -0.625116  0.779894 -0.031557
 0.181726  0.001131 -0.032753  0.790952 -0.236259 -0.564426
 0.179207  0.002287 -0.036761  0.557675 -0.108480 -0.822940
 0.175976  0.003530 -0.038094  0.071156  0.097724 -0.992667
 0.172820  0.004644 -0.037822 -0.107855  0.153686 -0.982216
 0.169032  0.006033 -0.038323 -0.187498  0.016688 -0.982123
 0.159708  0.009062 -0.033379 -0.169547  0.034583 -0.984915
 0.134074  0.018112 -0.031185  0.128239  0.124905 -0.983846
 0.129418  0.019846 -0.032215  0.319398  0.184350 -0.929516
 0.126683  0.020927 -0.033804  0.086863  0.407685 -0.908982
 0.123546  0.021962 -0.032383 -0.367376  0.621820 -0.691646
 0.120587  0.022912 -0.030628 -0.753474  0.622097 -0.212771
 0.180134 -0.000986 -0.032952  0.525302 -0.678472 -0.513550
 0.175111 -0.001440 -0.036083  0.192024 -0.695857 -0.692033
 0.171377 -0.000796 -0.036926 -0.341712 -0.396043 -0.852281
 0.169296  0.000496 -0.035989 -0.565635 -0.346090 -0.748518
 0.162606  0.003456 -0.034774 -0.330722 -0.455585 -0.826477
 0.152642  0.008002 -0.032760 -0.016698 -0.132687 -0.991017
 0.130544  0.014166 -0.034207  0.193723  0.003405 -0.981050
 0.124820  0.015000 -0.035735  0.147312 -0.067844 -0.986760
 0.120642  0.015835 -0.036507 -0.245043  0.176740 -0.953267
 0.118922  0.017679 -0.034559 -0.751929  0.506620 -0.421827
 0.118921  0.019659 -0.031570 -0.887131  0.458818  0.049853
 0.178835 -0.003223 -0.031175  0.439203 -0.847344 -0.298510
 0.171803 -0.004429 -0.032269  0.051664 -0.938653 -0.340971
 0.167775 -0.003896 -0.032417 -0.590677 -0.722005 -0.360290
 0.166847 -0.001770 -0.031671 -0.767227 -0.584307 -0.264476
 0.157529  0.004235 -0.030159 -0.410889 -0.853945 -0.319295
 0.146107  0.007395 -0.029939 -0.110951 -0.864111 -0.490920
 0.127002  0.007447 -0.031610  0.090576 -0.808102 -0.582036
 0.120257  0.006926 -0.032412 -0.035889 -0.816123 -0.576763
 0.114900  0.008268 -0.032365 -0.713817 -0.468018 -0.520984
 0.114556  0.011421 -0.031167 -0.959758  0.280080 -0.020497
 0.117540  0.015636 -0.029260 -0.879393  0.436670  0.189702
 0.179261 -0.003580 -0.027931  0.407623 -0.904792 -0.123265
 0.172533 -0.005042 -0.026697  0.004878 -0.999129  0.041439
 0.168581 -0.004572 -0.026282 -0.616439 -0.761778  0.199242
 0.167504 -0.002322 -0.026665 -0.753807 -0.617605  0.224363
 0.157964  0.003869 -0.026844 -0.398358 -0.905469  0.146412
 0.146614  0.006967 -0.026061 -0.123787 -0.987033  0.102191
 0.128067  0.006554 -0.023502  0.032788 -0.990941  0.130235
 0.121560  0.005830 -0.022469 -0.156512 -0.961769  0.224731
 0.116250  0.007133 -0.022068 -0.846694 -0.429102  0.314612
 0.115655  0.010496 -0.022776 -0.877720  0.424292  0.222675
 0.118206  0.015076 -0.024183 -0.824416  0.494457  0.275411
 0.181003 -0.003581 -0.023827  0.512822 -0.853296  0.094339
 0.175515 -0.004121 -0.020700  0.056900 -0.872486  0.485314
 0.170692 -0.002906 -0.019888 -0.579978 -0.511452  0.634068
 0.169036 -0.000402 -0.022002 -0.680288 -0.394919  0.617452
 0.161294  0.003690 -0.023154 -0.307249 -0.722897  0.618885
 0.147607  0.007940 -0.021770 -0.031720 -0.814473  0.579334
 0.128458  0.009417 -0.014712  0.029728 -0.764339  0.644129
 0.123837  0.010101 -0.013384 -0.312004 -0.566465  0.762739
 0.119887  0.012079 -0.013847 -0.874964  0.204045  0.439095
 0.120385  0.013626 -0.015847 -0.729285  0.683343  0.034432
 0.121540  0.016857 -0.020077 -0.751027  0.557931  0.353089
 0.177443 -0.000132  0.000205  0.671080 -0.715857  0.192873
 0.175716  0.000194  0.005977  0.497614 -0.420428  0.758697
 0.170143  0.002724  0.006346  0.009850  0.037000  0.999267
 0.166678  0.004333  0.006122 -0.236681  0.078197  0.968435
 0.159630  0.007893  0.002120 -0.280168 -0.016678  0.959806
 0.127010  0.023159 -0.001413 -0.018934 -0.049717  0.998584
 0.118064  0.027078  0.000912  0.059704  0.121624  0.990779
 0.114104  0.028938  0.000411  0.107286  0.258956  0.959912
 0.109512  0.030963  0.001447  0.083660  0.183737  0.979409
 0.104809  0.033197  0.000530 -0.207675  0.287074  0.935125
 0.102624  0.034346 -0.001283 -0.794946  0.602372  0.072177
 0.105622  0.033140 -0.003390 -0.655249  0.327378 -0.680788
 0.107545  0.032520 -0.006631 -0.881573  0.440132 -0.170624
 0.178637  0.002281  0.004579  0.627035 -0.265929  0.732194
 0.174100  0.005030  0.005034  0.271246  0.605120  0.748502
 0.170985  0.006352  0.004541  0.093224  0.549087  0.830550
 0.165900  0.008033  0.003050  0.112509  0.571440  0.812895
 0.147970  0.015979  0.000682  0.044572  0.211511  0.976359
 0.142819  0.019509  0.001786  0.229077  0.615288  0.754284
 0.137937  0.021327  0.000647  0.349431  0.900814  0.257744
 0.117492  0.031605 -0.000311  0.271084  0.525806  0.806251
 0.112518  0.034192 -0.000419  0.167355  0.644249  0.746281
 0.108832  0.035187 -0.001820  0.065653  0.893983  0.443265
 0.108879  0.034704 -0.002477 -0.284922  0.953993 -0.093366
 0.180844  0.002691  0.002012  0.902367 -0.095723  0.420203
 0.177342  0.005605  0.002097  0.421541  0.862146  0.281082
 0.174442  0.006379  0.001620  0.390298  0.826791  0.405073
 0.172347  0.008286  0.001725  0.427836  0.893923  0.133633
 0.168980  0.008698  0.001008  0.378937  0.912893  0.151765
 0.166930  0.010352  0.001041  0.412647  0.894558  0.171723
 0.160873  0.011672 -0.000056  0.355040  0.933840 -0.043473
 0.124386  0.029762 -0.003274  0.477584  0.806634  0.348217
 0.119516  0.033429 -0.003284  0.385947  0.855422  0.345396
 0.114569  0.034812 -0.004078  0.387025  0.827367  0.407033
 0.112433  0.036622 -0.004015 -0.102101  0.955774  0.275810
 0.181046  0.002814 -0.000651  0.980940 -0.101121 -0.165927
 0.177601  0.005763 -0.001338  0.432629  0.817960 -0.379176
 0.174676  0.006521 -0.001466  0.486915  0.797415 -0.356430
 0.172624  0.008454 -0.001919  0.433410  0.836527 -0.335229
 0.169203  0.008834 -0.001937  0.312536  0.850839 -0.422368
 0.167185  0.010508 -0.002324  0.434424  0.822681 -0.366705
 0.161061  0.011785 -0.002510  0.385515  0.878787 -0.281268
 0.124619  0.029904 -0.006359  0.550138  0.797403 -0.247984
 0.119814  0.033611 -0.007210  0.532985  0.839119 -0.108656
 0.114825  0.034967 -0.007444  0.470600  0.877060 -0.096439
 0.112727  0.036800 -0.007872 -0.083704  0.992472 -0.089400
 0.179970  0.001442 -0.002617  0.826913 -0.335591 -0.451214
 0.176839  0.003512 -0.003602  0.165550  0.310654 -0.935995
 0.174115  0.004258 -0.003281  0.292021  0.288792 -0.911769
 0.171810  0.006226 -0.004499  0.292088  0.357525 -0.887052
 0.167646  0.007118 -0.003734  0.011010  0.294664 -0.955537
 0.163391  0.009186 -0.004239  0.217429  0.246706 -0.944384
 0.151357  0.014808 -0.005416  0.314743  0.418733 -0.851821
 0.124507  0.027877 -0.008627  0.462444  0.445260 -0.766740
 0.119651  0.031360 -0.010456  0.669235  0.543056 -0.507164
 0.116375  0.033458 -0.011409  0.504641  0.694598 -0.512709
 0.110922  0.035681 -0.011580 -0.268693  0.879180 -0.393506
 0.178597 -0.000394 -0.003111  0.698056 -0.525978 -0.485865
 0.175815  0.000943 -0.003841  0.148644  0.123945 -0.981093
 0.173443  0.001977 -0.003158  0.112337  0.099824 -0.988643
 0.170619  0.003426 -0.005035  0.058605  0.085686 -0.994597
 0.165999  0.005436 -0.003657 -0.087313  0.046662 -0.995088
 0.159693  0.008345 -0.003818  0.024753 -0.176013 -0.984077
 0.141242  0.017084 -0.007107  0.165160 -0.024790 -0.985955
 0.123994  0.025178 -0.009250  0.374567  0.158383 -0.913572
 0.118772  0.027785 -0.011818  0.544340  0.151490 -0.825073
 0.116529  0.029036 -0.014551  0.237556  0.221202 -0.945852
 0.108207  0.032785 -0.013650 -0.647183  0.420778 -0.635689
 0.176321 -0.002151 -0.003549  0.582859 -0.721479 -0.373822
 0.172530 -0.001238 -0.005151  0.182127 -0.149079 -0.971908
 0.169412  0.000681 -0.004793 -0.134454  0.040676 -0.990085
 0.167095  0.001929 -0.004782 -0.240801 -0.005198 -0.970561
 0.162776  0.005068 -0.003596 -0.171122 -0.163206 -0.971638
 0.153694  0.009740 -0.003869 -0.121562 -0.496632 -0.859406
 0.136920  0.016553 -0.006976  0.051357 -0.442991 -0.895054
 0.123178  0.021816 -0.009975  0.324301 -0.230629 -0.917409
 0.115964  0.022809 -0.014088  0.227410 -0.284964 -0.931171
 0.112340  0.023973 -0.015198 -0.408239 -0.203953 -0.889800
 0.107720  0.027717 -0.013379 -0.932334  0.009116 -0.361484
 0.173919 -0.003942 -0.001967  0.459654 -0.876254 -0.144561
 0.168763 -0.004088 -0.003326 -0.130254 -0.840934 -0.525227
 0.164791 -0.001536 -0.003481 -0.657689 -0.440323 -0.611197
 0.163804  0.001131 -0.002839 -0.727936 -0.376831 -0.572806
 0.159700  0.005138 -0.002540 -0.501132 -0.685778 -0.527802
 0.147920  0.011686 -0.003343 -0.332883 -0.861741 -0.382872
 0.132820  0.016649 -0.005518 -0.141921 -0.904080 -0.403109
 0.122034  0.018089 -0.007777  0.139183 -0.869633 -0.473674
 0.112195  0.016415 -0.010838 -0.086055 -0.858491 -0.505557
 0.107969  0.019087 -0.011017 -0.814332 -0.455530 -0.359661
 0.107318  0.023222 -0.009799 -0.993598 -0.031836 -0.108399
 0.173669 -0.004095  0.001328  0.403253 -0.889088  0.216584
 0.168396 -0.004311  0.001511 -0.286710 -0.913940  0.287246
 0.164457 -0.001741  0.000936 -0.724345 -0.670689  0.159687
 0.163569  0.000989  0.000246 -0.748258 -0.662770  0.029072
 0.159562  0.005053 -0.000719 -0.509924 -0.860217  0.001938
 0.147830  0.011631 -0.002151 -0.381115 -0.917497  0.113801
 0.132634  0.016536 -0.003065 -0.206038 -0.915534  0.345465
 0.121684  0.017875 -0.003149  0.064250 -0.857723  0.510082
 0.111557  0.016027 -0.002424 -0.257719 -0.846773  0.465357
 0.107362  0.018717 -0.003025 -0.915028 -0.402902  0.019829
 0.106887  0.022960 -0.004121 -0.978173  0.008212 -0.207631
 0.174315 -0.002680  0.004366  0.420616 -0.673070  0.608325
 0.168929 -0.001379  0.005192 -0.211392 -0.541011  0.814015
 0.165174  0.000576  0.004600 -0.539228 -0.520534  0.662026
 0.161464  0.004254  0.002072 -0.582888 -0.620979  0.524048
 0.143074  0.013695 -0.000675 -0.274495 -0.673203  0.686622
 0.132310  0.017954 -0.000869 -0.228400 -0.643707  0.730394
 0.122862  0.021679 -0.001026 -0.125142 -0.522670  0.843300
 0.115120  0.023513  0.000204  0.059527 -0.205337  0.976879
 0.108105  0.024765  0.001774 -0.344939 -0.212591  0.914233
 0.105062  0.026997  0.000575 -0.962119 -0.252076  0.103849
 0.106383  0.028567 -0.001733 -0.871690 -0.141401 -0.469215
 0.166935 -0.002804  0.015003  0.762775 -0.642859  0.070049
 0.166455 -0.002829  0.018042  0.617129 -0.506162  0.602455
 0.164014 -0.001782  0.018945  0.103588 -0.021217  0.994394
 0.161073 -0.000371  0.018200  0.038468 -0.140056  0.989396
 0.158068  0.000866  0.019964 -0.057237 -0.323380  0.944537
 0.155617  0.002039  0.019382 -0.180456  0.183047  0.966400
 0.152911  0.003460  0.017174 -0.061802  0.206794  0.976431
 0.125709  0.016232  0.013716  0.023026 -0.017360  0.999584
 0.111839  0.022322  0.017158  0.039320  0.057500  0.997571
 0.105225  0.025495  0.015484 -0.022938  0.068061  0.997417
 0.102332  0.026801  0.015771 -0.235536  0.094866  0.967224
 0.099098  0.028432  0.013971 -0.902568  0.370927  0.218594
 0.101626  0.027703  0.008618 -0.862212  0.378756 -0.336355
 0.167125 -0.001462  0.017381  0.862388 -0.155062  0.481915
 0.165155  0.000316  0.018604  0.367027  0.269798  0.890225
 0.162386  0.001466  0.018096  0.288513  0.351179  0.890749
 0.159861  0.003504  0.019265  0.256260  0.493187  0.831323
 0.156639  0.004608  0.018290 -0.007884  0.473825  0.880584
 0.141831  0.011325  0.016512 -0.030121  0.142364  0.989356
 0.126775  0.018158  0.014710  0.128032  0.335683  0.933233
 0.113625  0.025674  0.015689  0.257932  0.441361  0.859460
 0.107296  0.028803  0.015354  0.169430  0.376554  0.910769
 0.104605  0.030175  0.015279 -0.113903  0.661529  0.741219
 0.101236  0.030661  0.013156 -0.660254  0.749053  0.054628
 0.167536 -0.000743  0.015945  0.973053  0.017384  0.229925
 0.166168  0.001933  0.016581  0.639480  0.647159  0.415031
 0.163651  0.003006  0.016295  0.507318  0.756938  0.411915
 0.161370  0.005295  0.016533  0.419258  0.834602  0.357299
 0.157245  0.006101  0.015708  0.250390  0.893148  0.373619
 0.130970  0.019393  0.013524  0.342530  0.795930  0.499168
 0.128244  0.020666  0.013256  0.366953  0.825101  0.429597
 0.114834  0.027542  0.012177  0.476810  0.793061  0.379087
 0.109316  0.031647  0.012213  0.432872  0.795327  0.424355
 0.106678  0.032778  0.011916  0.020335  0.959660  0.280425
 0.103027  0.031937  0.010599 -0.652031  0.757187 -0.039031
 0.167658 -0.000668  0.014333  0.998412  0.044226 -0.034891
 0.166395  0.002072  0.013565  0.714726  0.663111 -0.222375
 0.163876  0.003142  0.013351  0.580161  0.767927 -0.271480
 0.161656  0.005469  0.012748  0.449089  0.835639 -0.316269
 0.157474  0.006240  0.012692  0.283678  0.880692 -0.379353
 0.131252  0.019564  0.009807  0.456289  0.815549 -0.355922
 0.128526  0.020838  0.009541  0.485471  0.845602 -0.221982
 0.115149  0.027732  0.008040  0.537420  0.821467 -0.190714
 0.109710  0.031886  0.007025  0.485349  0.834574 -0.260619
 0.107065  0.033014  0.006798  0.105102  0.945749 -0.307430
 0.103282  0.032093  0.007235 -0.651555  0.695963 -0.301846
 0.167533 -0.001567  0.013160  0.966352 -0.087264 -0.241968
 0.166084  0.000336  0.011480  0.617811  0.312987 -0.721352
 0.163017  0.001842  0.011090  0.442163  0.378469 -0.813175
 0.160573  0.003633  0.010035  0.221133  0.414919 -0.882577
 0.156866  0.004534  0.010714 -0.004024  0.298172 -0.954504
 0.136652  0.014085  0.008601  0.252531  0.233226 -0.939060
 0.125117  0.020304  0.006433  0.465348  0.489029 -0.737768
 0.115178  0.025885  0.004286  0.416591  0.539845 -0.731450
 0.111076  0.028199  0.003387  0.254441  0.479736 -0.839710
 0.107543  0.029704  0.003221  0.078363  0.551410 -0.830546
 0.104034  0.030116  0.004417 -0.568025  0.449558 -0.689380
 0.167223 -0.002763  0.012860  0.749708 -0.504384 -0.428409
 0.165483 -0.001821  0.011090  0.383643 -0.026203 -0.923110
 0.161791 -0.000068  0.010386  0.104381  0.068389 -0.992183
 0.159117  0.001237  0.009440 -0.086889  0.038410 -0.995477
 0.156040  0.002563  0.010509 -0.150727 -0.116154 -0.981728
 0.142099  0.009010  0.009946  0.039440 -0.246677 -0.968295
 0.121230  0.018972  0.005279  0.313009 -0.070757 -0.947111
 0.114340  0.022376  0.002319  0.315315  0.043773 -0.947977
 0.111826  0.023513  0.002530  0.140319  0.136107 -0.980707
 0.107462  0.025523  0.002447 -0.130903  0.324917 -0.936639
 0.104164  0.026981  0.003152 -0.624304  0.428286 -0.653312
 0.164932 -0.003756  0.011692  0.388629 -0.824114 -0.412072
 0.161739 -0.003181  0.009871  0.065699 -0.368798 -0.927185
 0.158578 -0.001503  0.009892 -0.323562 -0.089955 -0.941921
 0.156418 -0.000064  0.010389 -0.398240 -0.195394 -0.896229
 0.151395  0.003082  0.011219 -0.247994 -0.450785 -0.857492
 0.134568  0.011028  0.009715 -0.095233 -0.622814 -0.776552
 0.118640  0.017039  0.005799  0.135750 -0.625218 -0.768553
 0.111998  0.018682  0.002742  0.293302 -0.505560 -0.811408
 0.108389  0.019710  0.001305  0.116535 -0.283009 -0.952011
 0.102811  0.022716  0.001421 -0.481922  0.233218 -0.844607
 0.101823  0.024809  0.004013 -0.727336  0.535633 -0.429044
 0.162225 -0.005390  0.012736  0.273538 -0.941979 -0.194559
 0.157594 -0.005059  0.011593 -0.286383 -0.830656 -0.477489
 0.155236 -0.002940  0.011746 -0.745753 -0.426826 -0.511539
 0.154155 -0.000296  0.012446 -0.725043 -0.517311 -0.454645
 0.147186  0.004589  0.012380 -0.443940 -0.823162 -0.354010
 0.127210  0.013513  0.010273 -0.257827 -0.920791 -0.292694
 0.116299  0.015861  0.008171 -0.020255 -0.951675 -0.306439
 0.109827  0.015727  0.006346  0.129263 -0.931901 -0.338899
 0.104491  0.015470  0.004786 -0.146903 -0.872812 -0.465423
 0.097835  0.019701  0.004559 -0.877591 -0.095680 -0.469766
 0.099855  0.023644  0.006601 -0.843260  0.499698 -0.198028
 0.161976 -0.005541  0.016031  0.240147 -0.959809  0.145241
 0.157250 -0.005269  0.016149 -0.366599 -0.861549  0.351196
 0.154943 -0.003117  0.015601 -0.723996 -0.649007  0.233707
 0.153974 -0.000405  0.014830 -0.657108 -0.753359  0.025673
 0.147091  0.004531  0.013642 -0.508493 -0.849764  0.139053
 0.127093  0.013442  0.011816 -0.363794 -0.866076  0.342880
 0.116039  0.015702  0.011604 -0.140374 -0.930799  0.337504
 0.109401  0.015469  0.011955 -0.036024 -0.933706  0.356225
 0.103922  0.015123  0.012289 -0.303210 -0.866609  0.396298
 0.097324  0.019389  0.011290 -0.902780 -0.390022  0.181304
 0.099598  0.023489  0.009964 -0.959649  0.249405 -0.129888
 0.164161 -0.004178  0.018081  0.331553 -0.828981  0.450404
 0.160561 -0.003508  0.018996 -0.132492 -0.375550  0.917283
 0.157930 -0.001774  0.018106 -0.339391 -0.547707  0.764742
 0.155622 -0.000588  0.017745 -0.389064 -0.832961  0.393453
 0.150901  0.002303  0.016423 -0.495747 -0.513531  0.700372
 0.139767  0.007974  0.014746 -0.167370 -0.016309  0.985759
 0.120865  0.016082  0.013804 -0.065501 -0.402897  0.912898
 0.110299  0.018383  0.016074 -0.076585 -0.415450  0.906386
 0.104502  0.020441  0.016322 -0.184328 -0.291338  0.938693
 0.099640  0.022930  0.015576 -0.569384 -0.367959  0.735125
 0.099050  0.025407  0.012757 -0.999605 -0.017153 -0.022274
 0.154008  0.000710  0.029467  0.941621 -0.251048  0.224333
 0.151853  0.001243  0.033241  0.528266 -0.233266  0.816408
 0.146917  0.002944  0.034332 -0.265844  0.042693  0.963070
 0.145240  0.003673  0.032306 -0.498231  0.060374  0.864940
 0.142466  0.004742  0.031123 -0.441479 -0.109286  0.890591
 0.138280  0.006442  0.027962 -0.396886 -0.189915  0.898006
 0.119574  0.013341  0.024895 -0.105889 -0.166096  0.980408
 0.106605  0.017907  0.026186 -0.044242  0.038041  0.998296
 0.099356  0.020579  0.025023  0.041886  0.169731  0.984600
 0.095663  0.021843  0.025988 -0.005692  0.249234  0.968426
 0.086585  0.025292  0.022886 -0.458873  0.368896  0.808302
 0.084403  0.026215  0.020656 -0.963614  0.243580 -0.110078
 0.087887  0.025147  0.017808 -0.855814 -0.049616 -0.514899
 0.153474  0.003449  0.033013  0.633346 -0.085474  0.769134
 0.149175  0.006080  0.033750 -0.007202  0.457927  0.888961
 0.146531  0.006243  0.032115 -0.208934  0.440379  0.873163
 0.143029  0.007374  0.031266 -0.236334  0.172921  0.956161
 0.139116  0.007810  0.029129 -0.292197 -0.034146  0.955748
 0.116152  0.016688  0.025639 -0.012843  0.176414  0.984232
 0.106092  0.021678  0.025686  0.062985  0.438521  0.896511
 0.098654  0.024328  0.024234  0.086043  0.557040  0.826017
 0.094165  0.026443  0.024096  0.041056  0.634376  0.771933
 0.088257  0.028041  0.022214 -0.357077  0.804253  0.475051
 0.086167  0.027639  0.020165 -0.656448  0.645069 -0.391104
 0.155149  0.005023  0.031165  0.874005  0.190122  0.447179
 0.151398  0.008101  0.031038  0.265475  0.866029  0.423694
 0.147941  0.008252  0.030072  0.096454  0.901957  0.420917
 0.143895  0.009860  0.029395  0.072344  0.857072  0.510093
 0.140568  0.009961  0.028451  0.045170  0.818403  0.572866
 0.113529  0.021082  0.024040  0.284960  0.805428  0.519696
 0.105753  0.024858  0.022956  0.271364  0.864048  0.424007
 0.098008  0.027270  0.021446  0.239422  0.900331  0.363430
 0.092355  0.029358  0.020450  0.172287  0.933638  0.314065
 0.089837  0.029725  0.019827 -0.258004  0.963163  0.075836
 0.087786  0.028228  0.018753 -0.773348  0.535129 -0.339955
 0.155661  0.005023  0.028262  0.978607  0.172099 -0.112742
 0.152093  0.008101  0.027097  0.375900  0.848674 -0.372091
 0.148514  0.008252  0.026822  0.142442  0.878061 -0.456858
 0.144480  0.009860  0.026075  0.207404  0.846907 -0.489625
 0.141031  0.009961  0.025824  0.294384  0.877662 -0.378217
 0.114115  0.021082  0.020720  0.437883  0.837124 -0.327844
 0.106435  0.024858  0.019081  0.409213  0.851202 -0.328632
 0.098642  0.027270  0.017850  0.377582  0.881226 -0.284379
 0.092990  0.029358  0.016853  0.330530  0.909394 -0.252493
 0.090411  0.029725  0.016577 -0.135934  0.913852 -0.382617
 0.088116  0.028228  0.016884 -0.815303  0.354519 -0.457818
 0.154959  0.003052  0.026368  0.864161 -0.137552 -0.484051
 0.150964  0.005607  0.024355  0.226406  0.331874 -0.915751
 0.148121  0.005965  0.024693 -0.157224  0.256598 -0.953645
 0.144432  0.006789  0.024697 -0.012604  0.103127 -0.994588
 0.139376  0.008272  0.024273  0.299566  0.323117 -0.897695
 0.118864  0.016893  0.019395  0.352251  0.373349 -0.858213
 0.107843  0.021273  0.017078  0.363390  0.390265 -0.845956
 0.101499  0.023811  0.015727  0.394414  0.497518 -0.772601
 0.096147  0.025865  0.014690  0.385155  0.555638 -0.736832
 0.092289  0.027330  0.013964 -0.027969  0.517404 -0.855284
 0.089246  0.026838  0.015387 -0.680721  0.109911 -0.724251
 0.153903  0.000952  0.026218  0.803256 -0.229641 -0.549586
 0.149298  0.002750  0.023904  0.236001  0.012166 -0.971677
 0.147299  0.003430  0.024476 -0.137550  0.090947 -0.986311
 0.144242  0.004450  0.025668 -0.186830 -0.188920 -0.964056
 0.137537  0.006928  0.024486  0.060244 -0.307546 -0.949624
 0.123151  0.012369  0.019986  0.203405 -0.138933 -0.969187
 0.108822  0.017664  0.017460  0.328138  0.045693 -0.943524
 0.103742  0.019608  0.015527  0.383088  0.178356 -0.906329
 0.098654  0.021503  0.014399  0.351967  0.241016 -0.904450
 0.093383  0.023495  0.012776  0.006021  0.275567 -0.961263
 0.089925  0.024612  0.014706 -0.637111  0.124678 -0.760621
 0.153762 -0.000992  0.026856  0.823313 -0.298859 -0.482535
 0.149044 -0.000421  0.024344  0.334368 -0.332943 -0.881673
 0.146672  0.000390  0.023832 -0.015182 -0.084091 -0.996342
 0.143391  0.002972  0.025214 -0.400789 -0.322272 -0.857618
 0.137346  0.005889  0.025128 -0.302633 -0.761309 -0.573430
 0.122349  0.010650  0.021363  0.016271 -0.652979 -0.757201
 0.107525  0.015119  0.017303  0.313712 -0.351035 -0.882247
 0.102678  0.015769  0.014814  0.365521 -0.251497 -0.896183
 0.097699  0.017120  0.013238  0.292862 -0.186316 -0.937826
 0.092839  0.018297  0.011492 -0.126610 -0.064515 -0.989852
 0.090483  0.020570  0.013083 -0.727856  0.040033 -0.684561
 0.153716 -0.002226  0.028451  0.776033 -0.609593 -0.161771
 0.148681 -0.002959  0.026745  0.184703 -0.897411 -0.400671
 0.145485 -0.002906  0.025824 -0.316858 -0.755724 -0.573133
 0.142228  0.001341  0.026213 -0.672806 -0.632117 -0.384395
 0.137344  0.005515  0.026100 -0.467133 -0.869059 -0.162858
 0.122014  0.010391  0.023148 -0.166193 -0.949164 -0.267335
 0.105959  0.012830  0.019211  0.144808 -0.906369 -0.396895
 0.100963  0.011744  0.017403  0.192793 -0.884361 -0.425132
 0.095838  0.012173  0.016035  0.072151 -0.873262 -0.481880
 0.091237  0.012407  0.014762 -0.473326 -0.689462 -0.548274
 0.089902  0.015268  0.015275 -0.902914 -0.214954 -0.372212
 0.153386 -0.002226  0.030320  0.648379 -0.626687  0.432283
 0.148072 -0.002959  0.030203 -0.074261 -0.920863  0.382749
 0.144753 -0.002906  0.029975 -0.572119 -0.768501  0.286507
 0.141826  0.001341  0.028495 -0.765062 -0.608771  0.209948
 0.137198  0.005515  0.026930 -0.550939 -0.760872  0.342840
 0.121782  0.010391  0.024462 -0.247520 -0.900748  0.356912
 0.105350  0.012830  0.022670 -0.050465 -0.910556  0.410294
 0.100037  0.011744  0.022659  0.005494 -0.886342  0.462999
 0.094753  0.012173  0.022191 -0.129811 -0.878309  0.460133
 0.089994  0.012407  0.021816 -0.660186 -0.694555  0.285916
 0.088915  0.015268  0.020877 -0.943229 -0.307120 -0.126476
 0.152337 -0.001098  0.032113  0.547806 -0.349484  0.760111
 0.147098 -0.000702  0.033056 -0.297213 -0.434284  0.850330
 0.144762  0.000355  0.032410 -0.631991 -0.305208  0.712345
 0.141914  0.002678  0.030368 -0.641973 -0.254039  0.723419
 0.137660  0.005866  0.027658 -0.463228 -0.215677  0.859595
 0.120595  0.011826  0.025069 -0.167247 -0.430509  0.886956
 0.105667  0.014958  0.025331 -0.096245 -0.395597  0.913367
 0.099429  0.016223  0.025491  0.004246 -0.296001  0.955178
 0.094835  0.016882  0.025941 -0.087037 -0.238455  0.967246
 0.088064  0.019385  0.024747 -0.605368 -0.179692  0.775397
 0.086541  0.021371  0.022753 -0.935050 -0.354373 -0.010070
 0.142331  0.001815  0.041932  0.787402 -0.494067  0.368640
 0.139450  0.002416  0.045368  0.453114 -0.263100  0.851743
 0.137130  0.003016  0.045631 -0.049308  0.109442  0.992769
 0.135420  0.003510  0.044704 -0.283540  0.199250  0.938032
 0.133519  0.004066  0.043549 -0.231801  0.013802  0.972665
 0.130932  0.004730  0.043942 -0.178449  0.193215  0.964792
 0.128178  0.005558  0.041760 -0.204561  0.272668  0.940110
 0.101253  0.012929  0.036061 -0.059808  0.055122  0.996687
 0.077886  0.019018  0.037702 -0.052189  0.206306  0.977095
 0.067639  0.021880  0.034311 -0.478169  0.497619  0.723692
 0.069754  0.021393  0.032783 -0.399053  0.409584 -0.820364
 0.073386  0.020420  0.033081 -0.241640  0.320531 -0.915899
 0.080265  0.018805  0.028797 -0.481708  0.556459 -0.676986
 0.140965  0.003790  0.043950  0.671333  0.202090  0.713072
 0.139008  0.004851  0.044292  0.320137  0.548871  0.772174
 0.136667  0.005544  0.043872  0.113828  0.477668  0.871135
 0.134212  0.006295  0.043466 -0.039472  0.561326  0.826653
 0.130909  0.007042  0.042540 -0.094561  0.564815  0.819782
 0.125263  0.008535  0.041270 -0.063900  0.399462  0.914520
 0.101939  0.014630  0.035918  0.043136  0.358066  0.932699
 0.088739  0.020632  0.036567  0.134049  0.567960  0.812067
 0.081676  0.022250  0.034617  0.020390  0.711637  0.702251
 0.078890  0.022751  0.033650 -0.102716  0.947870  0.301647
 0.079359  0.022228  0.033181 -0.183857  0.824780 -0.534729
 0.142056  0.003499  0.042383  0.837869  0.378210  0.393616
 0.140540  0.004985  0.042403  0.541746  0.765141  0.347952
 0.137820  0.006444  0.042052  0.425551  0.805325  0.412745
 0.135145  0.008158  0.041798  0.169263  0.919655  0.354379
 0.130665  0.007957  0.040397  0.101226  0.943397  0.315841
 0.122694  0.011478  0.039135  0.213162  0.885503  0.412851
 0.102776  0.015948  0.034608  0.300709  0.817048  0.491942
 0.098898  0.018884  0.034381  0.360642  0.840985  0.403339
 0.095264  0.019968  0.033640  0.247628  0.897844  0.364082
 0.088142  0.022900  0.032445  0.098063  0.960735  0.259562
 0.085354  0.022770  0.031571 -0.244213  0.951394 -0.187640
 0.142269  0.003488  0.041381  0.888289  0.438133  0.137777
 0.140897  0.004969  0.040733  0.588736  0.796023 -0.140488
 0.138270  0.006424  0.039939  0.496912  0.822926 -0.275449
 0.135729  0.008131  0.039071  0.352952  0.911121 -0.212799
 0.131055  0.007939  0.038560  0.275954  0.956889 -0.090621
 0.123264  0.011451  0.036464  0.349930  0.884356 -0.308972
 0.103215  0.015927  0.032549  0.410196  0.772726 -0.484390
 0.099588  0.018853  0.031154  0.450307  0.820423 -0.352320
 0.095964  0.019936  0.030358  0.406799  0.873601 -0.267088
 0.088973  0.022862  0.028550  0.263955  0.930438 -0.254190
 0.086066  0.022737  0.028234 -0.243158  0.873241 -0.422284
 0.142692  0.003028  0.040323  0.945008  0.321174 -0.061699
 0.141305  0.004182  0.039033  0.484880  0.540336 -0.687698
 0.139095  0.004817  0.038529  0.234395  0.382332 -0.893802
 0.137130  0.005651  0.037729  0.483242  0.647132 -0.589659
 0.134621  0.006339  0.037198  0.488914  0.816986 -0.305771
 0.129253  0.008493  0.035181  0.299419  0.313877 -0.901016
 0.117388  0.010817  0.033857  0.053366 -0.241457 -0.968943
 0.109279  0.013365  0.031721  0.283529  0.190092 -0.939934
 0.099243  0.016469  0.029137  0.444056  0.457807 -0.770212
 0.091416  0.019862  0.025871  0.365178  0.588191 -0.721579
 0.087902  0.020408  0.025663 -0.126259  0.474892 -0.870940
 0.142831  0.001792  0.039591  0.876783 -0.404065 -0.260737
 0.141275  0.002280  0.037945  0.392097 -0.050566 -0.918533
 0.139542  0.002724  0.038237  0.068938  0.123517 -0.989945
 0.138155  0.003099  0.038037  0.314698  0.096461 -0.944278
 0.137664  0.003303  0.036428  0.478913 -0.065691 -0.875401
 0.134623  0.004170  0.035032  0.087924 -0.443912 -0.891746
 0.131158  0.005031  0.036180  0.052798 -0.489689 -0.870297
 0.118643  0.008414  0.034472  0.259038 -0.032789 -0.965310
 0.102082  0.012994  0.029934  0.344953  0.230410 -0.909901
 0.093095  0.015590  0.025116  0.236055  0.322166 -0.916781
 0.089025  0.016687  0.024630 -0.100438  0.436061 -0.894295
 0.141065  0.000797  0.039698  0.436997 -0.895103 -0.088453
 0.138644  0.000515  0.037825  0.332457 -0.650652 -0.682733
 0.135734  0.001311  0.037208  0.062365 -0.100145 -0.993016
 0.134124  0.002146  0.037434 -0.090088 -0.039534 -0.995149
 0.133669  0.002245  0.037300 -0.171117 -0.663112 -0.728698
 0.125115  0.004481  0.035339 -0.094282 -0.865742 -0.491530
 0.114907  0.007170  0.033028  0.164978 -0.793505 -0.585775
 0.100600  0.009039  0.027051  0.359162 -0.413591 -0.836627
 0.090293  0.011309  0.024076  0.170773 -0.016320 -0.985175
 0.083673  0.013173  0.022750 -0.075184  0.489822 -0.868575
 0.082688  0.013889  0.023184 -0.248296  0.773817 -0.582714
 0.139281  0.000328  0.040551  0.338351 -0.939092  0.060206
 0.135841 -0.000695  0.039201  0.150871 -0.964738 -0.215682
 0.131505 -0.000133  0.038086 -0.280128 -0.768283 -0.575560
 0.129908  0.001554  0.038144 -0.680982 -0.089795 -0.726774
 0.130040  0.002858  0.038595 -0.690205 -0.546677 -0.474090
 0.116186  0.007007  0.035777 -0.213524 -0.976468 -0.030303
 0.098450  0.009718  0.031344 -0.014940 -0.998133  0.059219
 0.080580  0.006750  0.025075  0.105576 -0.982671 -0.152355
 0.076537  0.006964  0.023935 -0.249336 -0.731462 -0.634661
 0.073428  0.010763  0.024210 -0.657736  0.586432 -0.472737
 0.075694  0.011304  0.025057 -0.475527  0.855678 -0.204181
 0.138972  0.000342  0.041998  0.292974 -0.936282  0.193759
 0.135270 -0.000668  0.041871 -0.023674 -0.952042  0.305050
 0.130851 -0.000103  0.041145 -0.538769 -0.768714  0.344684
 0.129420  0.001576  0.040425 -0.848519 -0.510298  0.140042
 0.129731  0.002872  0.040043 -0.662711 -0.726103  0.183272
 0.115925  0.007019  0.037001 -0.310186 -0.870536  0.382037
 0.097905  0.009743  0.033904 -0.070707 -0.901522  0.426917
 0.078988  0.006824  0.032529 -0.061178 -0.894788  0.442280
 0.074827  0.007043  0.031946 -0.654492 -0.739888  0.155584
 0.072108  0.010823  0.030386 -0.820172  0.293525 -0.491082
 0.074530  0.011357  0.030510 -0.470906  0.714031 -0.518080
 0.138980  0.000677  0.043866  0.273420 -0.784428  0.556700
 0.135915  0.000622  0.044366 -0.194949 -0.544839  0.815565
 0.132878  0.001424  0.043762 -0.517606 -0.177210  0.837066
 0.131260  0.002523  0.042577 -0.487694 -0.507543  0.710320
 0.130080  0.002995  0.042134 -0.390896 -0.500974  0.772156
 0.121888  0.005862  0.039597 -0.327778 -0.090223  0.940437
 0.099401  0.011302  0.035758 -0.107408 -0.343027  0.933164
 0.077858  0.012493  0.037250 -0.151582 -0.326964  0.932801
 0.070714  0.014538  0.035624 -0.867918 -0.369399  0.332057
 0.070537  0.016195  0.033519 -0.478950  0.013596 -0.877737
 0.073596  0.015894  0.033476 -0.298817  0.194036 -0.934376
 0.116349  0.036186 -0.018171  0.535392  0.787914 -0.304214
 0.116588  0.033060 -0.016669  0.974038 -0.124667 -0.188965
 0.116783  0.033061 -0.019936  0.689533  0.391018 -0.609631
 0.112561  0.033068 -0.021188  0.233311  0.515123 -0.824751
 0.107732  0.033076 -0.022229 -0.370308  0.913564 -0.168145
 0.111403  0.033069 -0.018219 -0.475810  0.550053  0.686328
 0.116689  0.033060 -0.016524  0.439030  0.360978  0.822768
 0.115930  0.028686 -0.015136  0.808539 -0.015049  0.588250
 0.116688  0.028687 -0.022681  0.835358  0.412404 -0.363457
 0.109401  0.028699 -0.024537  0.231330  0.545993 -0.805220
 0.104640  0.028707 -0.026328  0.103303  0.593461 -0.798206
 0.100874  0.028712 -0.025850 -0.580873  0.794313 -0.177911
 0.105765  0.028703 -0.020482 -0.691146  0.248134  0.678783
 0.109163  0.028697 -0.016711 -0.428600  0.119914  0.895501
 0.116171  0.023686 -0.016553  0.302717 -0.060131  0.951182
 0.119027  0.023682 -0.019793  0.919695  0.255008  0.298550
 0.118998  0.023683 -0.024305  0.853586  0.426121 -0.299688
 0.115130  0.023690 -0.027207  0.363879  0.571804 -0.735277
 0.111926  0.023696 -0.028471  0.070667  0.512101 -0.856013
 0.108715  0.023701 -0.027895  0.065845  0.277108 -0.958580
 0.105586  0.023706 -0.029589  0.299190  0.341628 -0.890941
 0.097922  0.023718 -0.029671 -0.258149  0.558290 -0.788461
 0.096608  0.023719 -0.027618 -0.925826  0.308548  0.218274
 0.103777  0.023707 -0.022927 -0.516640 -0.034548  0.855506
 0.107449  0.023700 -0.018916 -0.541102 -0.163232  0.824963
 0.118009  0.017433 -0.016229  0.018596 -0.045865  0.998775
 0.120452  0.017430 -0.019288  0.930968 -0.050070  0.361651
 0.120489  0.017433 -0.028865  0.849981  0.117043 -0.513647
 0.116797  0.017439 -0.030594  0.164601  0.257278 -0.952216
 0.108235  0.017451 -0.028106  0.184852  0.346030 -0.919833
 0.101018  0.017464 -0.032171  0.190953  0.381784 -0.904311
 0.095975  0.017471 -0.032362 -0.690726  0.382959 -0.613385
 0.096924  0.017470 -0.029466 -0.998255  0.048477 -0.033710
 0.094802  0.017471 -0.025714 -0.932909  0.300448  0.198525
 0.096222  0.017470 -0.024766 -0.275348  0.210035  0.938120
 0.099169  0.017465 -0.025643 -0.109429  0.011799  0.993925
 0.107041  0.017451 -0.021336 -0.544142  0.010158  0.838932
 0.114399  0.011189 -0.017055  0.252645 -0.767863  0.588691
 0.118957  0.011184 -0.024185  0.705338 -0.702624  0.093906
 0.118004  0.011186 -0.028859  0.619249 -0.512131 -0.595191
 0.111465  0.011198 -0.033884  0.269517  0.040726 -0.962134
 0.103420  0.011211 -0.035048  0.224259  0.214077 -0.950726
 0.097395  0.011220 -0.035793 -0.098612  0.015111 -0.995011
 0.095178  0.011224 -0.035105 -0.928875 -0.236595 -0.284982
 0.096132  0.011221 -0.030430 -0.960661 -0.064858 -0.270046
 0.093481  0.011224 -0.026201 -0.960931 -0.273751 -0.040882
 0.093461  0.011223 -0.023920 -0.787308 -0.414709  0.456248
 0.095844  0.011219 -0.022675  0.015747 -0.413846  0.910211
 0.097855  0.011216 -0.023653  0.112058 -0.352649  0.929022
 0.102447  0.011209 -0.023415 -0.423579 -0.163413  0.890998
 0.106807  0.011201 -0.019346 -0.428687 -0.387693  0.816040
 0.111769  0.008070 -0.026277  0.126267 -0.953101  0.275055
 0.112909  0.008070 -0.029504  0.380670 -0.902012 -0.203628
 0.107057  0.008080 -0.033391  0.314149 -0.637218 -0.703750
 0.102459  0.008087 -0.035027  0.055502 -0.615903 -0.785864
 0.098458  0.008093 -0.033575 -0.478562 -0.807463 -0.344938
 0.098963  0.008091 -0.029234 -0.248789 -0.940108  0.233027
 0.101225  0.008087 -0.027311 -0.193952 -0.862755  0.466943
 0.107866  0.008077 -0.027537 -0.075422 -0.906840  0.414671
 0.105722  0.006518 -0.030516 -0.010083 -0.999298  0.036083
 0.106320  0.025885 -0.013821  0.985628  0.000024  0.168930
 0.105717  0.016329 -0.010297  0.541283 -0.204502  0.815593
 0.105914  0.021829 -0.011450  0.466351 -0.235153  0.852772
 0.105240  0.027948 -0.007519  0.388288 -0.491658  0.779426
 0.105032  0.030973 -0.006299  0.675018  0.053547  0.735856
 0.105310  0.033998 -0.007926  0.881051  0.351056  0.317032
 0.106088  0.033242 -0.012466  0.825397  0.562713  0.045552
 0.106889  0.032485 -0.017142  0.850834  0.470359 -0.234188
 0.107296  0.027055 -0.019513  0.841247  0.037821 -0.539326
 0.106797  0.020935 -0.016599  0.382441 -0.560615 -0.734472
 0.106135  0.016191 -0.012737  0.306102 -0.914792 -0.263546
 0.100588  0.019355 -0.010898 -0.437029 -0.752384  0.492873
 0.100657  0.023754 -0.011305 -0.107293 -0.090877  0.990066
 0.099972  0.031179 -0.007307 -0.313187 -0.592537  0.742168
 0.099623  0.032898 -0.005274 -0.178924 -0.414056  0.892493
 0.099821  0.037848 -0.006425  0.264391  0.771816  0.578272
 0.101111  0.036473 -0.013948  0.379426  0.924683 -0.031579
 0.102063  0.035785 -0.019504  0.285776  0.816575 -0.501535
 0.102343  0.031729 -0.021130  0.182044  0.323993 -0.928379
 0.102458  0.028842 -0.021807 -0.143791 -0.312063 -0.939117
 0.101680  0.024510 -0.017267 -0.244834 -0.528682 -0.812743
 0.101203  0.019767 -0.014489 -0.294106 -0.759502 -0.580223
 0.095448  0.020798 -0.011429  0.030949 -0.673163  0.738846
 0.095495  0.027192 -0.011701  0.024137 -0.269390  0.962729
 0.094971  0.032073 -0.008651 -0.011952 -0.643067  0.765717
 0.094600  0.034135 -0.006483 -0.090222 -0.225864  0.969972
 0.094646  0.037367 -0.006754 -0.164087  0.557392  0.813873
 0.095204  0.037367 -0.010007 -0.187557  0.982185 -0.011622
 0.095831  0.037848 -0.013666 -0.055868  0.989730 -0.131580
 0.096633  0.036061 -0.018342 -0.253197  0.584280 -0.771044
 0.096830  0.032623 -0.019495 -0.291876  0.025649 -0.956112
 0.096423  0.027055 -0.017121 -0.208440 -0.399344 -0.892792
 0.096121  0.022310 -0.015361 -0.019363 -0.669394 -0.742655
 0.090191  0.017979 -0.011285 -0.527555 -0.837626 -0.141665
 0.090017  0.020661 -0.010268 -0.430619 -0.139817  0.891638
 0.089890  0.027467 -0.009523 -0.380357 -0.397371  0.835120
 0.089413  0.031867 -0.006744 -0.385090 -0.319718  0.865728
 0.089367  0.034892 -0.006474 -0.828856  0.531590  0.174386
 0.090923  0.035442 -0.015554 -0.711014  0.638647 -0.294261
 0.091400  0.031454 -0.018332 -0.586588  0.016664 -0.809714
 0.090818  0.021279 -0.014944 -0.515514 -0.376080 -0.769941
 0.090517  0.027948 -0.013182 -0.985628  0.000025 -0.168929
 0.089155  0.032448  0.000007  0.016378  0.999689 -0.018806
 0.097298  0.031823  0.008170  0.673547  0.688539  0.268791
 0.094692  0.031823  0.008917 -0.130456  0.496338  0.858272
 0.087509  0.031823  0.004667 -0.244159  0.255016  0.935603
 0.080962  0.031823  0.004718 -0.359727  0.443578  0.820875
 0.078178  0.031823  0.000357 -0.880211  0.367317  0.300510
 0.077033  0.031823 -0.005748 -0.805295  0.324835 -0.495965
 0.081891  0.031823 -0.006667  0.061844  0.422662 -0.904175
 0.084975  0.031823 -0.004727  0.234729  0.511624 -0.826524
 0.092108  0.031823 -0.005946  0.018085  0.294602 -0.955449
 0.097424  0.031823 -0.005135  0.539018  0.383021 -0.750170
 0.099361  0.031823 -0.001367  0.857083  0.514897 -0.017042
 0.097349  0.031823  0.003927  0.680633  0.721175  0.129014
 0.098489  0.026198  0.008254  0.439150  0.011727  0.898337
 0.093628  0.026198  0.007397 -0.505713 -0.127826  0.853180
 0.089122  0.026198  0.002351 -0.094602 -0.072180  0.992895
 0.084279  0.026198  0.003908  0.012697 -0.100905  0.994815
 0.080835  0.026198  0.002919 -0.708499 -0.259234  0.656374
 0.080028  0.026198 -0.000778 -0.905011 -0.174312  0.388033
 0.078517  0.026198 -0.004090 -0.926255 -0.193718 -0.323304
 0.081305  0.026198 -0.004423 -0.174504 -0.233811 -0.956494
 0.084954  0.026198 -0.005683  0.173908 -0.176017 -0.968903
 0.090187  0.026198 -0.003683  0.145644 -0.304721 -0.941240
 0.096563  0.026198 -0.003129  0.279163 -0.401726 -0.872172
 0.098257  0.026198 -0.001942  0.867145 -0.293202 -0.402606
 0.098001  0.026198  0.003471  0.999992 -0.002442  0.003292
 0.098523  0.019948  0.008068  0.828215 -0.378888  0.412921
 0.094652  0.019948  0.007704 -0.312419 -0.203028  0.927995
 0.088960  0.019948  0.003274 -0.263358 -0.006391  0.964677
 0.086110  0.019948  0.004675 -0.018827 -0.074661  0.997031
 0.082961  0.019948  0.002024 -0.717086 -0.198658  0.668073
 0.079919  0.019948 -0.000161 -0.875602 -0.145473  0.460607
 0.079727  0.019948 -0.003748 -0.574078 -0.235018 -0.784348
 0.083663  0.019948 -0.003753  0.122245 -0.090665 -0.988350
 0.089741  0.019948 -0.001158  0.386873 -0.209916 -0.897923
 0.096142  0.019948 -0.000030  0.456218 -0.453080 -0.765888
 0.097197  0.019948  0.002630  0.881157 -0.368403 -0.296380
 0.093283  0.013698  0.003591  0.327914 -0.802578  0.498339
 0.088156  0.013698  0.002433 -0.017109 -0.426305  0.904418
 0.085097  0.013698  0.003227 -0.323385 -0.513589  0.794763
 0.081700  0.013698 -0.001624 -0.721633 -0.675876  0.149788
 0.084361  0.013698 -0.003757 -0.087696 -0.569979 -0.816966
 0.087691  0.013698 -0.002852  0.497164 -0.375854 -0.782024
 0.089600  0.013698 -0.000358  0.514059 -0.432609 -0.740670
 0.093626  0.013698  0.000922  0.543402 -0.687489 -0.481739
 0.088540  0.012135  0.000977  0.113977 -0.993480  0.002546
 0.059094  0.018403  0.021487 -0.922700  0.385518 -0.000508
 0.059276  0.015652  0.020451 -0.955104 -0.143049 -0.259449
 0.060595  0.020748  0.021877 -0.813480  0.579450 -0.049882
 0.060241  0.017546  0.023888 -0.171355  0.583351  0.793939
 0.059865  0.015516  0.026021 -0.531088  0.137962  0.836010
 0.060563  0.011321  0.022060 -0.555094 -0.831695 -0.012437
 0.061240  0.012719  0.018221 -0.842330 -0.359791 -0.401286
 0.061380  0.016599  0.017429 -0.837404  0.168410 -0.519992
 0.065885  0.026116  0.018600 -0.465808  0.720110  0.514261
 0.065530  0.019485  0.020611 -0.140378  0.509451  0.848972
 0.064950  0.016012  0.023901  0.043379  0.470973  0.881080
 0.064585  0.012404  0.025973  0.123172 -0.369571  0.921003
 0.065112  0.009968  0.022987 -0.173388 -0.926661  0.333520
 0.065788  0.010554  0.019148 -0.179861 -0.955057 -0.235620
 0.066465  0.012042  0.015310 -0.065503 -0.997787 -0.011459
 0.067411  0.009878  0.009948 -0.238716 -0.966606  0.093205
 0.068270  0.009968  0.005073 -0.449222 -0.565056 -0.692034
 0.068506  0.016102  0.003732 -0.566013  0.023627 -0.824057
 0.067808  0.022011  0.007692 -0.700854  0.421942 -0.575124
 0.066734  0.025530  0.013786 -0.653774  0.703715 -0.278146
 0.072323  0.029319  0.017723 -0.019544  0.999586  0.021102
 0.071603  0.028958  0.021807  0.076141  0.834827  0.545222
 0.071259  0.025168  0.023758 -0.214527  0.334625  0.917608
 0.071044  0.018223  0.024975 -0.184199  0.151398  0.971159
 0.071119  0.012810  0.024549 -0.041505 -0.299509  0.953190
 0.071860  0.010374  0.020345 -0.069989 -0.966408  0.247299
 0.072946  0.010554  0.014191 -0.152084 -0.986989  0.052176
 0.074439  0.008118  0.005721 -0.183173 -0.981265 -0.059720
 0.074901  0.009878  0.003100 -0.127206 -0.306010 -0.943492
 0.074547  0.014253  0.005112  0.062288  0.077800 -0.995021
 0.074826  0.022327  0.003527 -0.075798  0.074855 -0.994309
 0.074686  0.025349  0.004318 -0.066714  0.513967 -0.855212
 0.073623  0.029364  0.010351 -0.093403  0.930272 -0.354782
 0.078695  0.026116  0.017214  0.382108  0.851572  0.358913
 0.077857  0.023770  0.021967  0.432116  0.549065  0.715405
 0.077373  0.018042  0.024710  0.292974  0.227266  0.928718
 0.077373  0.013306  0.024710  0.120393  0.027398  0.992348
 0.077460  0.009968  0.024221 -0.061598 -0.586977  0.807257
 0.078115  0.008614  0.020505 -0.024183 -0.998576  0.047556
 0.079253  0.009607  0.014046  0.015864 -0.997220  0.072800
 0.080479  0.007938  0.007100  0.029801 -0.966073  0.256543
 0.080951  0.006855  0.004418  0.108919 -0.925458 -0.362854
 0.081059  0.008028  0.003809  0.346239 -0.059311 -0.936270
 0.080790  0.014253  0.005332  0.254350  0.078592 -0.963913
 0.080919  0.021335  0.004601  0.395565  0.116172 -0.911061
 0.080790  0.023500  0.005332  0.328483  0.721721 -0.609276
 0.079619  0.026522  0.011974  0.282311  0.958994 -0.025139
 0.085273  0.025710  0.015546 -0.008235  0.495640  0.868489
 0.084746  0.022327  0.018534  0.652201  0.430363  0.624037
 0.084155  0.016418  0.021884  0.660468  0.238713  0.711898
 0.083865  0.013802  0.023529  0.568937  0.120477  0.813509
 0.083833  0.010193  0.023713  0.670615 -0.550597  0.497110
 0.085014  0.010554  0.017010  0.626713 -0.771928  0.106573
 0.085950  0.009607  0.011708  0.596269 -0.774441  0.211436
 0.086551  0.009607  0.008296  0.797361 -0.589559 -0.128980
 0.086788  0.012539  0.006955  0.820305  0.064782 -0.568246
 0.086433  0.017636  0.008966  0.830442  0.070122 -0.552674
 0.086454  0.024086  0.008845  0.825912  0.299046 -0.477955
 0.086047  0.025530  0.011159  0.636228  0.754990 -0.158757
 0.085251  0.025755  0.015669 -0.487210  0.226215  0.843477
 0.086119  0.017320  0.014313  0.984691 -0.001739  0.174298
 0.088646  0.026495 -0.038048  0.379948 -0.021493 -0.924758
 0.094428  0.028315 -0.033456  0.996495 -0.003618 -0.083576
 0.091068  0.033648 -0.035021  0.614504  0.580642 -0.534078
 0.083883  0.031319 -0.038372 -0.367536  0.413365 -0.833095
 0.083497  0.027774 -0.038553 -0.756566  0.202994 -0.621611
 0.082033  0.024845 -0.039235 -0.687571  0.143121 -0.711872
 0.083289  0.021699 -0.038649 -0.022629 -0.450101 -0.892691
 0.089298  0.020536 -0.035848  0.463734 -0.516698 -0.719704
 0.091333  0.022005 -0.034899  0.824522 -0.444368 -0.350287
 0.092194  0.027808 -0.028807  0.987724 -0.048809  0.148387
 0.090874  0.032529 -0.029422  0.948062  0.317755  0.014482
 0.089105  0.037192 -0.030249  0.518387  0.798778 -0.305334
 0.085705  0.037407 -0.031833 -0.073359  0.851148 -0.519774
 0.083841  0.035713 -0.032703 -0.463194  0.718329 -0.519090
 0.080564  0.033116 -0.034230 -0.854295  0.251277 -0.455017
 0.082447  0.028790 -0.033352 -0.970853 -0.166840 -0.172073
 0.082470  0.021928 -0.033342 -0.954640  0.283430 -0.091267
 0.080614  0.017929 -0.034208 -0.762826 -0.362964 -0.535120
 0.084192  0.014565 -0.032539  0.024568 -0.845367 -0.533620
 0.086966  0.015192 -0.031245  0.682787 -0.719888 -0.124753
 0.089665  0.021275 -0.029987  0.894622 -0.431000  0.117860
 0.091952  0.027086 -0.021334  0.959267 -0.230725  0.163010
 0.092048  0.032599 -0.021289  0.983853  0.074051  0.162940
 0.091574  0.039122 -0.021511  0.781917  0.614379  0.105568
 0.088060  0.039955 -0.023149 -0.047999  0.998468  0.027515
 0.083869  0.039717 -0.025104 -0.217408  0.974037 -0.063130
 0.080192  0.038243 -0.026818 -0.731551  0.627150 -0.267425
 0.079859  0.036047 -0.026974 -0.937962  0.168854 -0.302844
 0.081694  0.028797 -0.026118 -0.895304 -0.073306 -0.439382
 0.080640  0.021988 -0.026609 -0.802472  0.328231 -0.498299
 0.077204  0.015958 -0.028212 -0.940463  0.058116 -0.334890
 0.079705  0.013659 -0.027046 -0.560379 -0.828139  0.012732
 0.082764  0.013107 -0.025619  0.093504 -0.957125  0.274170
 0.086889  0.016494 -0.023695  0.667982 -0.629330  0.397170
 0.089368  0.020046 -0.022539  0.747496 -0.538544  0.388870
 0.089438  0.028549 -0.014921  0.809318 -0.263781  0.524808
 0.089021  0.035242 -0.015116  0.750260  0.406745  0.521218
 0.086406  0.038271 -0.016335  0.012805  0.934783  0.354990
 0.082448  0.035952 -0.018182 -0.336797  0.925158  0.175070
 0.079051  0.035491 -0.019766 -0.549832  0.833414  0.055737
 0.075606  0.032500 -0.021372 -0.788485  0.257178 -0.558704
 0.076869  0.026935 -0.020782 -0.724621  0.024965 -0.688695
 0.076144  0.023445 -0.021121 -0.948704 -0.261059 -0.178351
 0.079728  0.018563 -0.019449 -0.537731 -0.714835  0.447053
 0.082049  0.018570 -0.018366  0.080221 -0.771912  0.630648
 0.083737  0.022344 -0.017580  0.536671 -0.615833  0.576831
 0.085398  0.029165 -0.009219  0.620813 -0.457222  0.636819
 0.085895  0.033273 -0.008988  0.577119  0.303458  0.758187
 0.083111  0.035963 -0.010287 -0.011648  0.879915  0.474988
 0.077620  0.034878 -0.012847 -0.317809  0.937284  0.143163
 0.073661  0.033234 -0.014692 -0.475602  0.879261  0.026514
 0.071004  0.031538 -0.015931 -0.862134  0.389913 -0.323563
 0.071635  0.028784 -0.015638 -0.814082 -0.473872 -0.335731
 0.077030  0.024244 -0.013121 -0.650152 -0.733291  0.198961
 0.079132  0.022451 -0.012141 -0.045104 -0.871551  0.488226
 0.081336  0.023921 -0.011113  0.287205 -0.803973  0.520712
 0.078643  0.028927 -0.004784  0.308229  0.018480  0.951133
 0.077505  0.030274 -0.005314 -0.002239  0.579452  0.815003
 0.073876  0.030938 -0.007006 -0.348329  0.777568  0.523502
 0.069802  0.029969 -0.008906 -0.915069  0.133874  0.380430
 0.073887  0.027675 -0.007001 -0.468065 -0.818745  0.332524
 0.077629  0.026843 -0.005256  0.093560 -0.697561  0.710391
 0.075197  0.028525 -0.004493 -0.332189 -0.030565  0.942717
-0.009800  0.006447 -0.006334 -0.983331 -0.066392 -0.169269
-0.008845  0.009352 -0.003246 -0.947091  0.320467  0.017851
-0.007966  0.008535 -0.006963 -0.814036  0.366823 -0.450318
-0.005553  0.003581 -0.013011 -0.598212  0.397488 -0.695806
-0.004554  0.001729 -0.015819 -0.830793 -0.279779 -0.481152
-0.005792  0.002438 -0.009880 -0.698760 -0.712411  0.064853
-0.007385  0.004887 -0.004639 -0.639859 -0.666970  0.381747
-0.008750  0.008045 -0.001771 -0.859384 -0.247605  0.447382
-0.005386  0.018339  0.002249 -0.902584  0.381963  0.198609
-0.004961  0.019645 -0.002182 -0.891563  0.434758 -0.126891
-0.002030  0.016106 -0.013341 -0.753139  0.342015 -0.561968
 0.000369  0.010554 -0.018377 -0.603590  0.238363 -0.760829
 0.003472  0.001299 -0.021701 -0.491606  0.098381 -0.865242
 0.005396 -0.005126 -0.022695 -0.349238 -0.110542 -0.930491
 0.006055 -0.008774 -0.020801 -0.376329 -0.820908 -0.429519
 0.004765 -0.007630 -0.015254 -0.482355 -0.874925  0.042890
 0.002472 -0.005398 -0.005694 -0.399871 -0.866853  0.297774
 0.001215 -0.002894 -0.002425 -0.512465 -0.759224  0.401196
-0.001094  0.002605  0.002182 -0.528407 -0.477038  0.702297
-0.004306  0.012187  0.005613 -0.589167 -0.346355  0.730013
-0.005200  0.015944  0.004885 -0.843893  0.197695  0.498759
 0.000774  0.028380  0.003779 -0.698537  0.525945  0.485209
 0.000914  0.029905  0.000632 -0.662762  0.747264  0.048404
 0.002672  0.029905 -0.009340 -0.693900  0.626491 -0.354983
 0.004183  0.027182 -0.013706 -0.501828  0.531645 -0.682292
 0.005860  0.022718 -0.016330 -0.284845  0.349256 -0.892684
 0.008739  0.014443 -0.019884 -0.208955  0.358202 -0.909961
 0.011647  0.006712 -0.024448 -0.096300  0.322315 -0.941721
 0.013754 -0.000202 -0.025727 -0.124871  0.003133 -0.992168
 0.014986 -0.006517 -0.022971 -0.068604 -0.623726 -0.778626
 0.014843 -0.009839 -0.017031  0.009856 -0.997015 -0.076576
 0.013681 -0.009512 -0.010952  0.031311 -0.970211  0.240229
 0.012405 -0.007715 -0.006482  0.043458 -0.889496  0.454872
 0.010273 -0.003959 -0.000194 -0.042513 -0.907376  0.418164
 0.008775 -0.001945  0.005191 -0.178588 -0.844139  0.505505
 0.007818  0.000287  0.007181 -0.449235 -0.527276  0.721227
 0.006332  0.006168  0.006536 -0.388013 -0.261963  0.883641
 0.004266  0.011775  0.009599 -0.219332 -0.450160  0.865592
 0.003186  0.014715  0.011186 -0.269620 -0.280709  0.921145
 0.001943  0.019506  0.010841 -0.440968  0.194723  0.876145
 0.008239  0.033522  0.005478 -0.379090  0.784909  0.490110
 0.010963  0.033685 -0.010226 -0.423259  0.864175 -0.272127
 0.012109  0.031888 -0.013958 -0.270443  0.513947 -0.814076
 0.016285  0.018822 -0.017475  0.043145  0.340104 -0.939398
 0.021396  0.003850 -0.023364  0.114463  0.422307 -0.899197
 0.023139 -0.000777 -0.026103  0.077985  0.085585 -0.993274
 0.024313 -0.005678 -0.025198  0.514329 -0.424400 -0.745218
 0.024253 -0.008781 -0.020068  0.423285 -0.891506 -0.161390
 0.023393 -0.007910 -0.016538  0.478090 -0.833413  0.277224
 0.020286 -0.004153 -0.004710  0.300114 -0.873938  0.382315
 0.017762 -0.001703  0.005824  0.137756 -0.965620  0.220455
 0.016829 -0.001377  0.010609 -0.156000 -0.747311  0.645903
 0.015774  0.001019  0.012899 -0.257864 -0.266627  0.928664
 0.014776  0.005701  0.011327 -0.356695  0.084167  0.930422
 0.013006  0.012125  0.011458 -0.090647 -0.153074  0.984049
 0.011349  0.017787  0.012118 -0.029295 -0.038660  0.998823
 0.009770  0.024593  0.010570 -0.193764  0.358920  0.913034
 0.016899  0.035777  0.004846 -0.246665  0.746312  0.618202
 0.017004  0.037356  0.001818 -0.246312  0.961401  0.122630
 0.019300  0.037247 -0.011041 -0.281835  0.925842 -0.251767
 0.020443  0.035342 -0.014584 -0.216717  0.616021 -0.757332
 0.021798  0.030986 -0.015550 -0.170196  0.137593 -0.975757
 0.026402  0.015307 -0.017468  0.083394  0.260100 -0.961974
 0.029824  0.005507 -0.021751  0.341676  0.200536 -0.918174
 0.030491  0.002893 -0.021506  0.720903 -0.473314 -0.506234
 0.030199  0.001370 -0.017496  0.746747 -0.664732 -0.022378
 0.026774  0.001478  0.001763  0.428323 -0.900923  0.069834
 0.025890  0.000552  0.008208  0.347036 -0.936090  0.057461
 0.025198  0.000335  0.012466  0.352912 -0.784755  0.509522
 0.023705  0.004309  0.014804 -0.106899 -0.044871  0.993257
 0.023250  0.006813  0.013518 -0.178483  0.187985  0.965818
 0.021741  0.014054  0.010903 -0.216631  0.024412  0.975948
 0.018936  0.024399  0.010853 -0.112390  0.122624  0.986069
 0.017396  0.031422  0.008743 -0.198484  0.455995  0.867567
 0.025247  0.037815  0.006318 -0.071504  0.874604  0.479537
 0.025696  0.038414  0.002844  0.013887  0.990128  0.139473
 0.027299  0.038306 -0.006077  0.041987  0.998376  0.038508
 0.027691  0.039122 -0.009561  0.068750  0.982066 -0.175555
 0.030129  0.035148 -0.017255 -0.229110  0.671548 -0.704650
 0.031377  0.031118 -0.018114 -0.251523 -0.178544 -0.951240
 0.034351  0.018162 -0.014987  0.173813  0.015867 -0.984651
 0.036801  0.011301 -0.018299  0.356887  0.259393 -0.897411
 0.037652  0.007545 -0.017324  0.681270 -0.408569 -0.607407
 0.037155  0.007164 -0.013921  0.641366 -0.745482 -0.181401
 0.035830  0.004822 -0.002795  0.535993 -0.844215  0.003601
 0.035187  0.005041  0.000519  0.356811 -0.928335 -0.104309
 0.034800  0.003299  0.005401  0.410492 -0.902657  0.129251
 0.033746  0.004822  0.009023  0.475118 -0.655533  0.586975
 0.031641  0.010213  0.012649  0.155254 -0.264704  0.951750
 0.029073  0.017726  0.015624 -0.345153 -0.247071  0.905442
 0.027698  0.023714  0.014176 -0.344518  0.230912  0.909938
 0.025655  0.033351  0.010896 -0.184047  0.482877  0.856129
 0.034757  0.035988  0.007171  0.306148  0.899744  0.311021
 0.035031  0.037621  0.003092  0.252227  0.964138  0.082586
 0.037840  0.034790 -0.008469  0.144066  0.985968  0.084338
 0.039600  0.034083 -0.017361 -0.233027  0.968096  0.092132
 0.039879  0.035824 -0.021628 -0.589618  0.772967 -0.234248
 0.040567  0.034572 -0.023601 -0.536187  0.154528 -0.829834
 0.041697  0.029836 -0.022703 -0.345653 -0.471900 -0.811070
 0.042146  0.025263 -0.018182 -0.220894 -0.574875 -0.787860
 0.043691  0.016279 -0.013087  0.161069 -0.402911 -0.900955
 0.044293  0.013993 -0.012980  0.484988 -0.249322 -0.838227
 0.044551  0.011870 -0.011157  0.619253 -0.764632 -0.178502
 0.043857  0.012686 -0.008488  0.500140 -0.861237 -0.090174
 0.043857  0.008331 -0.001760  0.277241 -0.893685 -0.352796
 0.043345  0.007187  0.002909  0.350667 -0.933423  0.075857
 0.042244  0.008930  0.006459  0.361527 -0.687129  0.630200
 0.040465  0.012958  0.010334  0.333679 -0.628275  0.702801
 0.037966  0.017695  0.017193  0.059159 -0.577670  0.814124
 0.036714  0.021125  0.019003 -0.276186  0.226329  0.934075
 0.036278  0.025699  0.014420 -0.178086  0.543605  0.820231
 0.034814  0.034083  0.009781  0.000337  0.671803  0.740730
 0.043874  0.033181  0.011761 -0.157702  0.874336  0.458985
 0.045452  0.030567  0.006834 -0.013654  0.965315 -0.260731
 0.046747  0.030350 -0.000172 -0.046539  0.958573  0.281021
 0.046620  0.033181 -0.003812 -0.006118  0.982449  0.186431
 0.047526  0.034596 -0.011141 -0.112434  0.909520  0.400164
 0.047277  0.040313 -0.018547 -0.119662  0.916431  0.381883
 0.047303  0.042109 -0.021461 -0.214178  0.916869  0.336867
 0.048252  0.043035 -0.028275  0.041538  0.955226 -0.292947
 0.049123  0.040803 -0.029771  0.070909  0.240007 -0.968178
 0.051378  0.029751 -0.025503  0.253273 -0.483507 -0.837898
 0.051969  0.027138 -0.024827  0.273232 -0.640282 -0.717902
 0.051788  0.024905 -0.020354  0.320769 -0.789169 -0.523756
 0.051332  0.021530 -0.012563  0.458625 -0.534613 -0.709825
 0.052417  0.015650 -0.009643  0.456415 -0.688515 -0.563589
 0.052520  0.012384 -0.005183  0.368479 -0.775769 -0.512256
 0.052469  0.010478 -0.001956  0.348724 -0.911878 -0.216496
 0.050994  0.010968  0.005655  0.095658 -0.923444  0.371620
 0.048851  0.015922  0.010163 -0.074871 -0.633261  0.770308
 0.046958  0.019515  0.015350  0.243856 -0.746841  0.618678
 0.045631  0.021421  0.019941  0.235384 -0.502290  0.832045
 0.044805  0.024469  0.019921  0.075748  0.218511  0.972890
 0.044280  0.029751  0.014753 -0.216940  0.505985  0.834815
 0.052572  0.033313  0.014184  0.038207  0.775675  0.629975
 0.052701  0.034021  0.012365 -0.026095  0.955948  0.292375
 0.053657  0.034838  0.005679 -0.451404  0.883630  0.124225
 0.053788  0.037178  0.001324 -0.187038  0.979002 -0.081063
 0.055299  0.034130 -0.002536 -0.003213  0.980329 -0.197344
 0.057503  0.032442 -0.012428  0.555632  0.831333 -0.012543
 0.058934  0.030101 -0.016935  0.816002  0.315933 -0.484072
 0.059485  0.027434 -0.015950  0.787125 -0.303962 -0.536695
 0.059073  0.026944 -0.012849  0.664256 -0.633798 -0.396314
 0.059527  0.022098 -0.007946  0.460602 -0.570348 -0.680110
 0.060071  0.015673 -0.001123  0.767856 -0.542570 -0.340609
 0.059597  0.011590  0.007869  0.757159 -0.653216 -0.004425
 0.058739  0.011590  0.012732  0.301243 -0.781935  0.545739
 0.057997  0.013333  0.014252 -0.062725 -0.071461  0.995469
 0.057019  0.018069  0.012491  0.070815 -0.180075  0.981101
 0.055374  0.022697  0.014677  0.448847 -0.299902  0.841781
 0.053537  0.027434  0.017781  0.140478  0.185575  0.972537
 0.053027  0.030482  0.015977  0.018092  0.554570  0.831940
 0.060028  0.032991  0.011372  0.330110  0.727042  0.602028
 0.060101  0.036748  0.005165  0.107019  0.948004  0.299726
 0.060658  0.037020  0.001583  0.151727  0.952157 -0.265283
 0.063056  0.032991 -0.005801  0.424163  0.813721 -0.397422
 0.064011  0.030976 -0.008106  0.783180  0.135187 -0.606921
 0.065459  0.025695 -0.008168  0.604246 -0.214845 -0.767287
 0.065738  0.024062 -0.007231  0.770524 -0.535052  0.346428
 0.064097  0.028635 -0.004982  0.703785 -0.305174  0.641526
 0.062797  0.030268 -0.000134  0.943249 -0.254997  0.212739
 0.061771  0.029343  0.007111  0.974137 -0.216656  0.064167
 0.061480  0.028145  0.010613  0.887060 -0.186515  0.422300
 0.060959  0.028309  0.013313  0.825048 -0.226666  0.517609
 0.060414  0.030051  0.013725  0.555468  0.212890  0.803824
 0.062657  0.033337  0.008916  0.906682  0.193942  0.374585
 0.063076  0.036114  0.002263  0.428999  0.901220  0.061334
 0.064369  0.033881 -0.001634  0.991304  0.095869  0.090147
3 14 2 1 
4 14 15 3 2 
4 15 16 4 3 
4 16 17 5 4 
4 17 18 6 5 
4 18 19 7 6 
4 19 20 8 7 
4 20 21 9 8 
4 21 22 10 9 
4 22 23 11 10 
4 23 24 12 11 
3 24 13 12 
3 25 14 1 
4 25 26 15 14 
4 26 27 16 15 
4 27 28 17 16 
4 28 29 18 17 
4 29 30 19 18 
4 30 31 20 19 
4 31 32 21 20 
4 32 33 22 21 
4 33 34 23 22 
4 34 35 24 23 
3 35 13 24 
3 36 25 1 
4 36 37 26 25 
4 37 38 27 26 
4 38 39 28 27 
4 39 40 29 28 
4 40 41 30 29 
4 41 42 31 30 
4 42 43 32 31 
4 43 44 33 32 
4 44 45 34 33 
4 45 46 35 34 
3 46 13 35 
3 47 36 1 
4 47 48 37 36 
4 48 49 38 37 
4 49 50 39 38 
4 50 51 40 39 
4 51 52 41 40 
4 52 53 42 41 
4 53 54 43 42 
4 54 55 44 43 
4 55 56 45 44 
4 56 57 46 45 
3 57 13 46 
3 58 47 1 
4 58 59 48 47 
4 59 60 49 48 
4 60 61 50 49 
4 61 62 51 50 
4 62 63 52 51 
4 63 64 53 52 
4 64 65 54 53 
4 65 66 55 54 
4 66 67 56 55 
4 67 68 57 56 
3 68 13 57 
3 69 58 1 
4 69 70 59 58 
4 70 71 60 59 
4 71 72 61 60 
4 72 73 62 61 
4 73 74 63 62 
4 74 75 64 63 
4 75 76 65 64 
4 76 77 66 65 
4 77 78 67 66 
4 78 79 68 67 
3 79 13 68 
3 80 69 1 
4 80 81 70 69 
4 81 82 71 70 
4 82 83 72 71 
4 83 84 73 72 
4 84 85 74 73 
4 85 86 75 74 
4 86 87 76 75 
4 87 88 77 76 
4 88 89 78 77 
4 89 90 79 78 
3 90 13 79 
3 91 80 1 
4 91 92 81 80 
4 92 93 82 81 
4 93 94 83 82 
4 94 95 84 83 
4 95 96 85 84 
4 96 97 86 85 
4 97 98 87 86 
4 98 99 88 87 
4 99 100 89 88 
4 100 101 90 89 
3 101 13 90 
3 102 91 1 
4 102 103 92 91 
4 103 104 93 92 
4 104 105 94 93 
4 105 106 95 94 
4 106 107 96 95 
4 107 108 97 96 
4 108 109 98 97 
4 109 110 99 98 
4 110 111 100 99 
4 111 112 101 100 
3 112 13 101 
3 2 102 1 
4 2 3 103 102 
4 3 4 104 103 
4 4 5 105 104 
4 5 6 106 105 
4 6 7 107 106 
4 7 8 108 107 
4 8 9 109 108 
4 9 10 110 109 
4 10 11 111 110 
4 11 12 112 111 
3 12 13 112 
3 126 114 113 
4 126 127 115 114 
4 127 128 116 115 
4 128 129 117 116 
4 129 130 118 117 
4 130 131 119 118 
4 131 132 120 119 
4 132 133 121 120 
4 133 134 122 121 
4 134 135 123 122 
4 135 136 124 123 
3 136 125 124 
3 137 126 113 
4 137 138 127 126 
4 138 139 128 127 
4 139 140 129 128 
4 140 141 130 129 
4 141 142 131 130 
4 142 143 132 131 
4 143 144 133 132 
4 144 145 134 133 
4 145 146 135 134 
4 146 147 136 135 
3 147 125 136 
3 148 137 113 
4 148 149 138 137 
4 149 150 139 138 
4 150 151 140 139 
4 151 152 141 140 
4 152 153 142 141 
4 153 154 143 142 
4 154 155 144 143 
4 155 156 145 144 
4 156 157 146 145 
4 157 158 147 146 
3 158 125 147 
3 159 148 113 
4 159 160 149 148 
4 160 161 150 149 
4 161 162 151 150 
4 162 163 152 151 
4 163 164 153 152 
4 164 165 154 153 
4 165 166 155 154 
4 166 167 156 155 
4 167 168 157 156 
4 168 169 158 157 
3 169 125 158 
3 170 159 113 
4 170 171 160 159 
4 171 172 161 160 
4 172 173 162 161 
4 173 174 163 162 
4 174 175 164 163 
4 175 176 165 164 
4 176 177 166 165 
4 177 178 167 166 
4 178 179 168 167 
4 179 180 169 168 
3 180 125 169 
3 181 170 113 
4 181 182 171 170 
4 182 183 172 171 
4 183 184 173 172 
4 184 185 174 173 
4 185 186 175 174 
4 186 187 176 175 
4 187 188 177 176 
4 188 189 178 177 
4 189 190 179 178 
4 190 191 180 179 
3 191 125 180 
3 192 181 113 
4 192 193 182 181 
4 193 194 183 182 
4 194 195 184 183 
4 195 196 185 184 
4 196 197 186 185 
4 197 198 187 186 
4 198 199 188 187 
4 199 200 189 188 
4 200 201 190 189 
4 201 202 191 190 
3 202 125 191 
3 203 192 113 
4 203 204 193 192 
4 204 205 194 193 
4 205 206 195 194 
4 206 207 196 195 
4 207 208 197 196 
4 208 209 198 197 
4 209 210 199 198 
4 210 211 200 199 
4 211 212 201 200 
4 212 213 202 201 
3 213 125 202 
3 214 203 113 
4 214 215 204 203 
4 215 216 205 204 
4 216 217 206 205 
4 217 218 207 206 
4 218 219 208 207 
4 219 220 209 208 
4 220 221 210 209 
4 221 222 211 210 
4 222 223 212 211 
4 223 224 213 212 
3 224 125 213 
3 114 214 113 
4 114 115 215 214 
4 115 116 216 215 
4 116 117 217 216 
4 117 118 218 217 
4 118 119 219 218 
4 119 120 220 219 
4 120 121 221 220 
4 121 122 222 221 
4 122 123 223 222 
4 123 124 224 223 
3 124 125 224 
3 238 226 225 
4 238 239 227 226 
4 239 240 228 227 
4 240 241 229 228 
4 241 242 230 229 
4 242 243 231 230 
4 243 244 232 231 
4 244 245 233 232 
4 245 246 234 233 
4 246 247 235 234 
4 247 248 236 235 
3 248 237 236 
3 249 238 225 
4 249 250 239 238 
4 250 251 240 239 
4 251 252 241 240 
4 252 253 242 241 
4 253 254 243 242 
4 254 255 244 243 
4 255 256 245 244 
4 256 257 246 245 
4 257 258 247 246 
4 258 259 248 247 
3 259 237 248 
3 260 249 225 
4 260 261 250 249 
4 261 262 251 250 
4 262 263 252 251 
4 263 264 253 252 
4 264 265 254 253 
4 265 266 255 254 
4 266 267 256 255 
4 267 268 257 256 
4 268 269 258 257 
4 269 270 259 258 
3 270 237 259 
3 271 260 225 
4 271 272 261 260 
4 272 273 262 261 
4 273 274 263 262 
4 274 275 264 263 
4 275 276 265 264 
4 276 277 266 265 
4 277 278 267 266 
4 278 279 268 267 
4 279 280 269 268 
4 280 281 270 269 
3 281 237 270 
3 282 271 225 
4 282 283 272 271 
4 283 284 273 272 
4 284 285 274 273 
4 285 286 275 274 
4 286 287 276 275 
4 287 288 277 276 
4 288 289 278 277 
4 289 290 279 278 
4 290 291 280 279 
4 291 292 281 280 
3 292 237 281 
3 293 282 225 
4 293 294 283 282 
4 294 295 284 283 
4 295 296 285 284 
4 296 297 286 285 
4 297 298 287 286 
4 298 299 288 287 
4 299 300 289 288 
4 300 301 290 289 
4 301 302 291 290 
4 302 303 292 291 
3 303 237 292 
3 304 293 225 
4 304 305 294 293 
4 305 306 295 294 
4 306 307 296 295 
4 307 308 297 296 
4 308 309 298 297 
4 309 310 299 298 
4 310 311 300 299 
4 311 312 301 300 
4 312 313 302 301 
4 313 314 303 302 
3 314 237 303 
3 315 304 225 
4 315 316 305 304 
4 316 317 306 305 
4 317 318 307 306 
4 318 319 308 307 
4 319 320 309 308 
4 320 321 310 309 
4 321 322 311 310 
4 322 323 312 311 
4 323 324 313 312 
4 324 325 314 313 
3 325 237 314 
3 326 315 225 
4 326 327 316 315 
4 327 328 317 316 
4 328 329 318 317 
4 329 330 319 318 
4 330 331 320 319 
4 331 332 321 320 
4 332 333 322 321 
4 333 334 323 322 
4 334 335 324 323 
4 335 336 325 324 
3 336 237 325 
3 226 326 225 
4 226 227 327 326 
4 227 228 328 327 
4 228 229 329 328 
4 229 230 330 329 
4 230 231 331 330 
4 231 232 332 331 
4 232 233 333 332 
4 233 234 334 333 
4 234 235 335 334 
4 235 236 336 335 
3 236 237 336 
3 350 338 337 
4 350 351 339 338 
4 351 352 340 339 
4 352 353 341 340 
4 353 354 342 341 
4 354 355 343 342 
4 355 356 344 343 
4 356 357 345 344 
4 357 358 346 345 
4 358 359 347 346 
4 359 360 348 347 
3 360 349 348 
3 361 350 337 
4 361 362 351 350 
4 362 363 352 351 
4 363 364 353 352 
4 364 365 354 353 
4 365 366 355 354 
4 366 367 356 355 
4 367 368 357 356 
4 368 369 358 357 
4 369 370 359 358 
4 370 371 360 359 
3 371 349 360 
3 372 361 337 
4 372 373 362 361 
4 373 374 363 362 
4 374 375 364 363 
4 375 376 365 364 
4 376 377 366 365 
4 377 378 367 366 
4 378 379 368 367 
4 379 380 369 368 
4 380 381 370 369 
4 381 382 371 370 
3 382 349 371 
3 383 372 337 
4 383 384 373 372 
4 384 385 374 373 
4 385 386 375 374 
4 386 387 376 375 
4 387 388 377 376 
4 388 389 378 377 
4 389 390 379 378 
4 390 391 380 379 
4 391 392 381 380 
4 392 393 382 381 
3 393 349 382 
3 394 383 337 
4 394 395 384 383 
4 395 396 385 384 
4 396 397 386 385 
4 397 398 387 386 
4 398 399 388 387 
4 399 400 389 388 
4 400 401 390 389 
4 401 402 391 390 
4 402 403 392 391 
4 403 404 393 392 
3 404 349 393 
3 405 394 337 
4 405 406 395 394 
4 406 407 396 395 
4 407 408 397 396 
4 408 409 398 397 
4 409 410 399 398 
4 410 411 400 399 
4 411 412 401 400 
4 412 413 402 401 
4 413 414 403 402 
4 414 415 404 403 
3 415 349 404 
3 416 405 337 
4 416 417 406 405 
4 417 418 407 406 
4 418 419 408 407 
4 419 420 409 408 
4 420 421 410 409 
4 421 422 411 410 
4 422 423 412 411 
4 423 424 413 412 
4 424 425 414 413 
4 425 426 415 414 
3 426 349 415 
3 427 416 337 
4 427 428 417 416 
4 428 429 418 417 
4 429 430 419 418 
4 430 431 420 419 
4 431 432 421 420 
4 432 433 422 421 
4 433 434 423 422 
4 434 435 424 423 
4 435 436 425 424 
4 436 437 426 425 
3 437 349 426 
3 438 427 337 
4 438 439 428 427 
4 439 440 429 428 
4 440 441 430 429 
4 441 442 431 430 
4 442 443 432 431 
4 443 444 433 432 
4 444 445 434 433 
4 445 446 435 434 
4 446 447 436 435 
4 447 448 437 436 
3 448 349 437 
3 338 438 337 
4 338 339 439 438 
4 339 340 440 439 
4 340 341 441 440 
4 341 342 442 441 
4 342 343 443 442 
4 343 344 444 443 
4 344 345 445 444 
4 345 346 446 445 
4 346 347 447 446 
4 347 348 448 447 
3 348 349 448 
3 462 450 449 
4 462 463 451 450 
4 463 464 452 451 
4 464 465 453 452 
4 465 466 454 453 
4 466 467 455 454 
4 467 468 456 455 
4 468 469 457 456 
4 469 470 458 457 
4 470 471 459 458 
4 471 472 460 459 
3 472 461 460 
3 473 462 449 
4 473 474 463 462 
4 474 475 464 463 
4 475 476 465 464 
4 476 477 466 465 
4 477 478 467 466 
4 478 479 468 467 
4 479 480 469 468 
4 480 481 470 469 
4 481 482 471 470 
4 482 483 472 471 
3 483 461 472 
3 484 473 449 
4 484 485 474 473 
4 485 486 475 474 
4 486 487 476 475 
4 487 488 477 476 
4 488 489 478 477 
4 489 490 479 478 
4 490 491 480 479 
4 491 492 481 480 
4 492 493 482 481 
4 493 494 483 482 
3 494 461 483 
3 495 484 449 
4 495 496 485 484 
4 496 497 486 485 
4 497 498 487 486 
4 498 499 488 487 
4 499 500 489 488 
4 500 501 490 489 
4 501 502 491 490 
4 502 503 492 491 
4 503 504 493 492 
4 504 505 494 493 
3 505 461 494 
3 506 495 449 
4 506 507 496 495 
4 507 508 497 496 
4 508 509 498 497 
4 509 510 499 498 
4 510 511 500 499 
4 511 512 501 500 
4 512 513 502 501 
4 513 514 503 502 
4 514 515 504 503 
4 515 516 505 504 
3 516 461 505 
3 517 506 449 
4 517 518 507 506 
4 518 519 508 507 
4 519 520 509 508 
4 520 521 510 509 
4 521 522 511 510 
4 522 523 512 511 
4 523 524 513 512 
4 524 525 514 513 
4 525 526 515 514 
4 526 527 516 515 
3 527 461 516 
3 528 517 449 
4 528 529 518 517 
4 529 530 519 518 
4 530 531 520 519 
4 531 532 521 520 
4 532 533 522 521 
4 533 534 523 522 
4 534 535 524 523 
4 535 536 525 524 
4 536 537 526 525 
4 537 538 527 526 
3 538 461 527 
3 539 528 449 
4 539 540 529 528 
4 540 541 530 529 
4 541 542 531 530 
4 542 543 532 531 
4 543 544 533 532 
4 544 545 534 533 
4 545 546 535 534 
4 546 547 536 535 
4 547 548 537 536 
4 548 549 538 537 
3 549 461 538 
3 550 539 449 
4 550 551 540 539 
4 551 552 541 540 
4 552 553 542 541 
4 553 554 543 542 
4 554 555 544 543 
4 555 556 545 544 
4 556 557 546 545 
4 557 558 547 546 
4 558 559 548 547 
4 559 560 549 548 
3 560 461 549 
3 450 550 449 
4 450 451 551 550 
4 451 452 552 551 
4 452 453 553 552 
4 453 454 554 553 
4 454 455 555 554 
4 455 456 556 555 
4 456 457 557 556 
4 457 458 558 557 
4 458 459 559 558 
4 459 460 560 559 
3 460 461 560 
3 562 563 561 
3 563 564 561 
3 564 565 561 
3 565 566 561 
3 566 567 561 
3 567 562 561 
3 568 569 562 
3 569 563 562 
3 569 570 563 
3 570 564 563 
3 570 571 564 
3 571 565 564 
3 571 572 565 
3 572 573 565 
3 573 566 565 
3 573 574 566 
3 574 567 566 
3 574 568 567 
3 568 562 567 
3 575 576 568 
3 576 569 568 
3 576 577 569 
3 577 578 569 
3 578 570 569 
3 578 579 570 
3 579 580 570 
3 580 581 570 
3 581 571 570 
3 581 582 571 
3 582 572 571 
3 582 583 572 
3 583 573 572 
3 583 584 573 
3 584 585 573 
3 585 574 573 
3 585 575 574 
3 575 568 574 
3 586 587 575 
3 587 576 575 
3 587 577 576 
3 587 588 577 
3 588 578 577 
3 588 589 578 
3 589 579 578 
3 589 580 579 
3 589 590 580 
3 590 581 580 
3 590 591 581 
3 591 582 581 
3 591 592 582 
3 592 583 582 
3 592 593 583 
3 593 594 583 
3 594 584 583 
3 594 595 584 
3 595 596 584 
3 596 597 584 
3 597 585 584 
3 597 586 585 
3 586 575 585 
3 598 587 586 
3 598 599 587 
3 599 588 587 
3 599 600 588 
3 600 589 588 
3 600 601 589 
3 601 590 589 
3 601 602 590 
3 602 591 590 
3 602 603 591 
3 603 592 591 
3 603 604 592 
3 604 593 592 
3 604 605 593 
3 605 594 593 
3 605 606 594 
3 606 595 594 
3 606 607 595 
3 607 608 595 
3 608 609 595 
3 609 596 595 
3 609 610 596 
3 610 597 596 
3 610 611 597 
3 611 586 597 
3 611 598 586 
3 612 599 598 
3 612 613 599 
3 613 600 599 
3 613 614 600 
3 614 601 600 
3 614 602 601 
3 614 615 602 
3 615 603 602 
3 615 616 603 
3 616 604 603 
3 616 605 604 
3 616 606 605 
3 616 617 606 
3 617 607 606 
3 617 608 607 
3 617 609 608 
3 617 618 609 
3 618 610 609 
3 618 611 610 
3 618 619 611 
3 619 598 611 
3 619 612 598 
3 620 613 612 
3 620 614 613 
3 620 615 614 
3 620 616 615 
3 620 617 616 
3 620 618 617 
3 620 619 618 
3 620 612 619 
3 621 623 622 
3 621 624 623 
3 621 625 624 
3 621 626 625 
3 621 627 626 
3 621 628 627 
3 621 629 628 
3 621 630 629 
3 621 631 630 
3 621 622 631 
3 622 633 632 
3 622 623 633 
3 623 634 633 
3 623 624 634 
3 624 635 634 
3 624 625 635 
3 625 636 635 
3 625 626 636 
3 626 627 636 
3 627 637 636 
3 627 628 637 
3 628 638 637 
3 628 639 638 
3 628 629 639 
3 629 640 639 
3 629 630 640 
3 630 641 640 
3 630 642 641 
3 630 631 642 
3 631 632 642 
3 631 622 632 
3 632 633 643 
3 633 644 643 
3 633 634 644 
3 634 645 644 
3 634 635 645 
3 635 646 645 
3 635 636 646 
3 636 647 646 
3 636 648 647 
3 636 637 648 
3 637 649 648 
3 637 638 649 
3 638 650 649 
3 638 639 650 
3 639 651 650 
3 639 640 651 
3 640 652 651 
3 640 641 652 
3 641 653 652 
3 641 642 653 
3 642 643 653 
3 642 632 643 
3 643 655 654 
3 643 644 655 
3 644 656 655 
3 644 645 656 
3 645 657 656 
3 645 646 657 
3 646 647 657 
3 647 658 657 
3 647 648 658 
3 648 659 658 
3 648 649 659 
3 649 650 659 
3 650 660 659 
3 650 651 660 
3 651 652 660 
3 652 661 660 
3 652 653 661 
3 653 654 661 
3 653 643 654 
3 654 655 662 
3 655 656 662 
3 656 657 662 
3 657 658 662 
3 658 659 662 
3 659 660 662 
3 660 661 662 
3 661 654 662 
3 663 665 664 
3 663 666 665 
3 663 667 666 
3 663 668 667 
3 663 669 668 
3 663 670 669 
3 663 671 670 
3 663 672 671 
3 663 673 672 
3 663 674 673 
3 663 675 674 
3 663 664 675 
3 664 665 676 
3 665 677 676 
3 665 666 677 
3 666 678 677 
3 666 679 678 
3 666 667 679 
3 667 680 679 
3 667 668 680 
3 668 681 680 
3 668 669 681 
3 669 682 681 
3 669 683 682 
3 669 670 683 
3 670 684 683 
3 670 671 684 
3 671 685 684 
3 671 672 685 
3 672 686 685 
3 672 673 686 
3 673 687 686 
3 673 674 687 
3 674 688 687 
3 674 675 688 
3 675 664 688 
3 664 676 688 
3 676 690 689 
3 676 677 690 
3 677 691 690 
3 677 678 691 
3 678 692 691 
3 678 679 692 
3 679 680 692 
3 680 693 692 
3 680 681 693 
3 681 694 693 
3 681 682 694 
3 682 695 694 
3 682 683 695 
3 683 696 695 
3 683 684 696 
3 684 697 696 
3 684 685 697 
3 685 698 697 
3 685 686 698 
3 686 687 698 
3 687 699 698 
3 687 688 699 
3 688 689 699 
3 688 676 689 
3 689 690 700 
3 690 701 700 
3 690 691 701 
3 691 692 701 
3 692 702 701 
3 692 693 702 
3 693 703 702 
3 693 694 703 
3 694 695 703 
3 695 704 703 
3 695 696 704 
3 696 705 704 
3 696 697 705 
3 697 706 705 
3 697 698 706 
3 698 699 706 
3 699 707 706 
3 699 700 707 
3 699 689 700 
3 700 701 708 
3 701 702 708 
3 702 703 708 
3 703 704 708 
3 704 705 708 
3 705 706 708 
3 706 707 708 
3 707 700 708 
3 709 712 711 
3 709 713 712 
3 709 710 713 
3 710 714 713 
3 710 715 714 
3 710 716 715 
3 710 709 716 
3 709 711 716 
3 711 712 717 
3 712 718 717 
3 712 713 718 
3 713 719 718 
3 713 720 719 
3 713 721 720 
3 713 714 721 
3 714 722 721 
3 714 723 722 
3 714 724 723 
3 714 715 724 
3 715 725 724 
3 715 726 725 
3 715 716 726 
3 716 727 726 
3 716 711 727 
3 711 728 727 
3 711 717 728 
3 717 730 729 
3 717 731 730 
3 717 718 731 
3 718 732 731 
3 718 719 732 
3 719 733 732 
3 719 720 733 
3 720 734 733 
3 720 721 734 
3 721 722 734 
3 722 735 734 
3 722 723 735 
3 723 724 735 
3 724 736 735 
3 724 725 736 
3 725 737 736 
3 725 738 737 
3 725 726 738 
3 726 739 738 
3 726 727 739 
3 727 740 739 
3 727 741 740 
3 727 728 741 
3 728 729 741 
3 728 717 729 
3 729 730 742 
3 730 743 742 
3 730 731 743 
3 731 744 743 
3 731 732 744 
3 732 745 744 
3 732 733 745 
3 733 746 745 
3 733 734 746 
3 734 747 746 
3 734 735 747 
3 735 748 747 
3 735 749 748 
3 735 736 749 
3 736 750 749 
3 736 737 750 
3 737 751 750 
3 737 738 751 
3 738 752 751 
3 738 739 752 
3 739 753 752 
3 739 740 753 
3 740 754 753 
3 740 741 754 
3 741 755 754 
3 741 729 755 
3 729 742 755 
3 742 757 756 
3 742 743 757 
3 743 744 757 
3 744 758 757 
3 744 745 758 
3 745 759 758 
3 745 746 759 
3 746 760 759 
3 746 747 760 
3 747 761 760 
3 747 748 761 
3 748 762 761 
3 748 749 762 
3 749 763 762 
3 749 750 763 
3 750 751 763 
3 751 764 763 
3 751 752 764 
3 752 765 764 
3 752 753 765 
3 753 766 765 
3 753 754 766 
3 754 767 766 
3 754 755 767 
3 755 768 767 
3 755 756 768 
3 755 742 756 
3 756 757 769 
3 757 758 769 
3 758 759 769 
3 759 760 769 
3 760 761 769 
3 761 762 769 
3 762 763 769 
3 763 764 769 
3 764 765 769 
3 765 766 769 
3 766 767 769 
3 767 768 769 
3 768 756 769 
3 770 772 771 
3 770 773 772 
3 770 774 773 
3 770 775 774 
3 770 776 775 
3 770 777 776 
3 770 778 777 
3 770 771 778 
3 771 780 779 
3 771 772 780 
3 772 781 780 
3 772 782 781 
3 772 773 782 
3 773 783 782 
3 773 784 783 
3 773 785 784 
3 773 774 785 
3 774 786 785 
3 774 775 786 
3 775 787 786 
3 775 776 787 
3 776 788 787 
3 776 777 788 
3 777 789 788 
3 777 778 789 
3 778 790 789 
3 778 771 790 
3 771 779 790 
3 779 792 791 
3 779 780 792 
3 780 793 792 
3 780 781 793 
3 781 794 793 
3 781 795 794 
3 781 782 795 
3 782 783 795 
3 783 796 795 
3 783 797 796 
3 783 784 797 
3 784 785 797 
3 785 798 797 
3 785 786 798 
3 786 799 798 
3 786 800 799 
3 786 787 800 
3 787 801 800 
3 787 788 801 
3 788 802 801 
3 788 789 802 
3 789 803 802 
3 789 790 803 
3 790 804 803 
3 790 791 804 
3 790 779 791 
3 791 792 805 
3 792 806 805 
3 792 793 806 
3 793 807 806 
3 793 794 807 
3 794 808 807 
3 794 795 808 
3 795 809 808 
3 795 796 809 
3 796 797 809 
3 797 810 809 
3 797 798 810 
3 798 811 810 
3 798 799 811 
3 799 812 811 
3 799 800 812 
3 800 801 812 
3 801 813 812 
3 801 802 813 
3 802 814 813 
3 802 803 814 
3 803 815 814 
3 803 804 815 
3 804 805 815 
3 804 791 805 
3 805 817 816 
3 805 806 817 
3 806 818 817 
3 806 807 818 
3 807 808 818 
3 808 819 818 
3 808 809 819 
3 809 820 819 
3 809 810 820 
3 810 821 820 
3 810 822 821 
3 810 811 822 
3 811 812 822 
3 812 823 822 
3 812 813 823 
3 813 814 823 
3 814 824 823 
3 814 815 824 
3 815 825 824 
3 815 816 825 
3 815 805 816 
3 816 817 826 
3 817 827 826 
3 817 818 827 
3 818 828 827 
3 818 819 828 
3 819 820 828 
3 820 829 828 
3 820 821 829 
3 821 822 829 
3 822 830 829 
3 822 823 830 
3 823 824 830 
3 824 825 830 
3 825 831 830 
3 825 816 831 
3 816 826 831 
3 826 827 832 
3 827 828 832 
3 828 829 832 
3 829 830 832 
3 830 831 832 
3 831 826 832 
3 834 835 833 
3 835 836 833 
3 836 837 833 
3 837 838 833 
3 838 839 833 
3 839 840 833 
3 840 834 833 
3 841 842 834 
3 842 835 834 
3 842 843 835 
3 843 844 835 
3 844 836 835 
3 844 845 836 
3 845 846 836 
3 846 837 836 
3 846 847 837 
3 847 848 837 
3 848 838 837 
3 848 849 838 
3 849 850 838 
3 850 839 838 
3 850 851 839 
3 851 852 839 
3 852 840 839 
3 852 853 840 
3 853 834 840 
3 853 841 834 
3 854 842 841 
3 854 855 842 
3 855 856 842 
3 856 843 842 
3 856 857 843 
3 857 858 843 
3 858 844 843 
3 858 859 844 
3 859 845 844 
3 859 860 845 
3 860 861 845 
3 861 846 845 
3 861 862 846 
3 862 847 846 
3 862 863 847 
3 863 848 847 
3 863 864 848 
3 864 849 848 
3 864 865 849 
3 865 866 849 
3 866 850 849 
3 866 867 850 
3 867 868 850 
3 868 851 850 
3 868 869 851 
3 869 870 851 
3 870 852 851 
3 870 871 852 
3 871 872 852 
3 872 853 852 
3 872 854 853 
3 854 841 853 
3 873 855 854 
3 873 874 855 
3 874 856 855 
3 874 857 856 
3 874 875 857 
3 875 858 857 
3 875 876 858 
3 876 859 858 
3 876 860 859 
3 876 877 860 
3 877 861 860 
3 877 878 861 
3 878 862 861 
3 878 879 862 
3 879 880 862 
3 880 863 862 
3 880 881 863 
3 881 864 863 
3 881 882 864 
3 882 865 864 
3 882 866 865 
3 882 883 866 
3 883 867 866 
3 883 868 867 
3 883 884 868 
3 884 885 868 
3 885 886 868 
3 886 869 868 
3 886 887 869 
3 887 870 869 
3 887 888 870 
3 888 871 870 
3 888 872 871 
3 888 889 872 
3 889 854 872 
3 889 873 854 
3 890 891 873 
3 891 874 873 
3 891 892 874 
3 892 875 874 
3 892 893 875 
3 893 894 875 
3 894 876 875 
3 894 895 876 
3 895 877 876 
3 895 896 877 
3 896 878 877 
3 896 879 878 
3 896 897 879 
3 897 898 879 
3 898 880 879 
3 898 881 880 
3 898 899 881 
3 899 882 881 
3 899 883 882 
3 899 900 883 
3 900 901 883 
3 901 884 883 
3 901 902 884 
3 902 903 884 
3 903 885 884 
3 903 886 885 
3 903 904 886 
3 904 887 886 
3 904 905 887 
3 905 888 887 
3 905 889 888 
3 905 906 889 
3 906 873 889 
3 906 890 873 
3 907 891 890 
3 907 908 891 
3 908 909 891 
3 909 892 891 
3 909 910 892 
3 910 893 892 
3 910 911 893 
3 911 894 893 
3 911 912 894 
3 912 895 894 
3 912 913 895 
3 913 914 895 
3 914 896 895 
3 914 915 896 
3 915 897 896 
3 915 916 897 
3 916 898 897 
3 916 917 898 
3 917 899 898 
3 917 918 899 
3 918 919 899 
3 919 900 899 
3 919 920 900 
3 920 901 900 
3 920 921 901 
3 921 902 901 
3 921 903 902 
3 921 904 903 
3 921 922 904 
3 922 923 904 
3 923 905 904 
3 923 924 905 
3 924 906 905 
3 924 890 906 
3 924 907 890 
3 925 908 907 
3 925 926 908 
3 926 909 908 
3 926 927 909 
3 927 910 909 
3 927 928 910 
3 928 911 910 
3 928 929 911 
3 929 930 911 
3 930 912 911 
3 930 931 912 
3 931 932 912 
3 932 913 912 
3 932 933 913 
3 933 934 913 
3 934 914 913 
3 934 915 914 
3 934 916 915 
3 934 935 916 
3 935 917 916 
3 935 936 917 
3 936 937 917 
3 937 918 917 
3 937 938 918 
3 938 919 918 
3 938 939 919 
3 939 920 919 
3 939 940 920 
3 940 921 920 
3 940 941 921 
3 941 922 921 
3 941 942 922 
3 942 923 922 
3 942 943 923 
3 943 924 923 
3 943 944 924 
3 944 907 924 
3 944 925 907 
3 945 946 925 
3 946 947 925 
3 947 948 925 
3 948 926 925 
3 948 927 926 
3 948 949 927 
3 949 950 927 
3 950 928 927 
3 950 951 928 
3 951 929 928 
3 951 952 929 
3 952 953 929 
3 953 930 929 
3 953 931 930 
3 953 954 931 
3 954 932 931 
3 954 955 932 
3 955 956 932 
3 956 933 932 
3 956 957 933 
3 957 934 933 
3 957 958 934 
3 958 935 934 
3 958 936 935 
3 958 937 936 
3 958 959 937 
3 959 960 937 
3 960 938 937 
3 960 961 938 
3 961 939 938 
3 961 962 939 
3 962 940 939 
3 962 963 940 
3 963 941 940 
3 963 964 941 
3 964 965 941 
3 965 942 941 
3 965 966 942 
3 966 943 942 
3 966 945 943 
3 945 944 943 
3 945 925 944 
3 967 968 945 
3 968 969 945 
3 969 946 945 
3 969 947 946 
3 969 948 947 
3 969 970 948 
3 970 971 948 
3 971 949 948 
3 971 950 949 
3 971 972 950 
3 972 951 950 
3 972 952 951 
3 972 953 952 
3 972 973 953 
3 973 954 953 
3 973 974 954 
3 974 975 954 
3 975 955 954 
3 975 956 955 
3 975 976 956 
3 976 957 956 
3 976 977 957 
3 977 958 957 
3 977 959 958 
3 977 960 959 
3 977 978 960 
3 978 961 960 
3 978 979 961 
3 979 962 961 
3 979 980 962 
3 980 981 962 
3 981 963 962 
3 981 982 963 
3 982 964 963 
3 982 965 964 
3 982 966 965 
3 982 983 966 
3 983 984 966 
3 984 945 966 
3 984 967 945 
3 985 968 967 
3 985 986 968 
3 986 969 968 
3 986 970 969 
3 986 987 970 
3 987 971 970 
3 987 988 971 
3 988 972 971 
3 988 973 972 
3 988 974 973 
3 988 989 974 
3 989 975 974 
3 989 976 975 
3 989 990 976 
3 990 977 976 
3 990 991 977 
3 991 992 977 
3 992 993 977 
3 993 994 977 
3 994 978 977 
3 994 995 978 
3 995 979 978 
3 995 980 979 
3 995 981 980 
3 995 982 981 
3 995 996 982 
3 996 997 982 
3 997 983 982 
3 997 985 983 
3 985 984 983 
3 985 967 984 
3 998 999 985 
3 999 986 985 
3 999 987 986 
3 999 988 987 
3 999 1000 988 
3 1000 989 988 
3 1000 990 989 
3 1000 991 990 
3 1000 992 991 
3 1000 993 992 
3 1000 994 993 
3 1000 998 994 
3 998 995 994 
3 998 996 995 
3 998 997 996 
3 998 985 997 
