125 242
-0.062448 -0.071901  0.057002 -0.179324  0.266632  0.946969
-0.062417 -0.062953  0.055540 -0.354023 -0.104927  0.929332
-0.045919 -0.070017  0.069408 -0.267537 -0.600731  0.753357
-0.057682 -0.053884  0.064535 -0.637155 -0.471716  0.609523
-0.047413 -0.050859  0.081192 -0.761351 -0.588225  0.272647
-0.084750 -0.081351  0.070701  0.537959 -0.600882  0.591220
-0.087329 -0.064967  0.065912  0.836107  0.113477  0.536701
-0.080483 -0.072644  0.062249  0.461437  0.510762  0.725395
-0.076977 -0.066999  0.055770  0.310915  0.215176  0.925760
-0.094784 -0.078564  0.080703  0.010792 -0.549332  0.835535
-0.075725 -0.050801  0.059263  0.114995 -0.573523  0.811078
-0.077690 -0.044275  0.065884  0.360558 -0.870106  0.336025
-0.084509 -0.048300  0.064622  0.558320 -0.701964  0.442183
-0.070202 -0.044831  0.065144 -0.148657 -0.834996  0.529795
-0.089862 -0.054217  0.072831  0.911922 -0.377030  0.162007
-0.091591 -0.050185  0.089785  0.800223 -0.592796  0.090749
-0.085142 -0.053865  0.060240  0.670086 -0.253986  0.697478
-0.078795 -0.058398  0.056620  0.384632 -0.107701  0.916765
-0.071624 -0.058301  0.055727  0.066755 -0.198429  0.977839
-0.067026 -0.053924  0.056784 -0.242120 -0.455980  0.856423
-0.097661 -0.060940  0.092403  0.051260 -0.506395  0.860777
-0.048881 -0.048842  0.096234 -0.435040 -0.819409  0.373243
-0.061698 -0.040081  0.089113 -0.210331 -0.977589  0.008925
-0.061428 -0.046106  0.069411 -0.442443 -0.802043  0.401211
-0.065351 -0.049490  0.061383 -0.334209 -0.676750  0.655983
-0.072428 -0.040380  0.077771  0.104531 -0.986292  0.127675
-0.088044 -0.048933  0.100261 -0.011922 -0.828766  0.559468
-0.018107  0.019491  0.132935 -0.231189 -0.273197  0.933764
-0.028267 -0.009664  0.112591 -0.389343 -0.745245  0.541315
-0.045061  0.043864  0.123584 -0.692890 -0.244899  0.678180
-0.063048 -0.006570  0.099770 -0.502312 -0.218437  0.836641
-0.008839 -0.013896  0.121746  0.275710 -0.832391  0.480739
-0.001073  0.011410  0.128095  0.204805 -0.147806  0.967578
-0.016222  0.038473  0.132645  0.714934  0.501517  0.487185
-0.042118  0.051224  0.132586 -0.384453  0.089694  0.918777
-0.042675  0.072014  0.119140  0.470066  0.780736  0.411691
-0.065829  0.083022  0.103489 -0.639350  0.144805  0.755158
-0.077514  0.027034  0.079831 -0.565430  0.010556  0.824729
-0.063704  0.089931  0.100713 -0.067001  0.869315  0.489696
-0.086810  0.093832  0.076345 -0.266906  0.953897  0.137268
-0.105118  0.082413  0.073602 -0.563369  0.380534  0.733355
-0.097580  0.072126  0.071741 -0.365570 -0.201200  0.908778
-0.127064  0.049844  0.068258 -0.393667  0.039437  0.918407
-0.101925 -0.005538  0.073290 -0.613406 -0.494181  0.616050
-0.140045  0.047838  0.057869 -0.863398  0.270420  0.425931
-0.132189  0.020569  0.063785 -0.720859 -0.193629  0.665485
-0.135709  0.025433  0.056811 -0.871537 -0.343231  0.350166
-0.142756  0.037853  0.055989 -0.932626 -0.184444  0.310143
-0.121831  0.074797  0.061410 -0.662757  0.743115 -0.092379
-0.134095  0.010597  0.055875 -0.759573 -0.187786  0.622724
-0.120259 -0.006688  0.063216 -0.352530 -0.839149  0.414188
-0.130339 -0.000991  0.057141 -0.437299 -0.641299 -0.630480
-0.058937 -0.031863  0.062129  0.472906  0.108858 -0.874362
-0.083712  0.011709  0.060801  0.407015 -0.117676 -0.905810
-0.036015 -0.018197  0.095127  0.670215  0.259324 -0.695387
-0.045607 -0.037891  0.078833  0.842356  0.215150 -0.494112
-0.095264 -0.012132  0.070120 -0.965877  0.142812 -0.216070
-0.097172  0.024295  0.055110  0.211799  0.103396 -0.971828
-0.104359  0.010080  0.050771  0.064613 -0.137611 -0.988377
-0.134140  0.009515  0.055856 -0.058610  0.117085 -0.991391
-0.118896  0.021691  0.059151  0.005120 -0.111795 -0.993718
-0.068605  0.091887  0.085194  0.730417  0.473330 -0.492392
-0.056939  0.031117  0.098576  0.609002  0.176478 -0.773287
-0.082516  0.044380  0.066276  0.664658  0.016412 -0.746968
-0.023835 -0.009300  0.106864  0.527607 -0.708164 -0.469184
 0.000000  0.000000  0.118718  0.799383  0.002763 -0.600815
-0.008366  0.022010  0.122779  0.729546  0.431836 -0.530358
-0.001184  0.011484  0.127749  0.976842  0.213948  0.002350
-0.026130  0.046823  0.120518  0.746819  0.379468 -0.546136
-0.084245  0.065990  0.059553  0.523558  0.077652 -0.848444
-0.080521  0.089270  0.070947  0.313987  0.651395 -0.690722
-0.099933  0.080171  0.058907  0.028980  0.551892 -0.833412
-0.110783  0.041488  0.052254  0.322325 -0.128057 -0.937927
-0.140283  0.027057  0.051667 -0.928883 -0.347637 -0.127767
-0.142567  0.036860  0.050538 -0.892838  0.076933 -0.443758
-0.130442  0.036093  0.043881 -0.074898 -0.161026 -0.984104
-0.137764  0.052955  0.051671 -0.639293  0.454950 -0.619939
-0.135777  0.025181  0.056779  0.051435 -0.379150 -0.923904
-0.101184  0.087329  0.067624 -0.301834  0.901876 -0.309057
-0.121330  0.055186  0.048853  0.042422  0.286621 -0.957104
-0.096303 -0.102807  0.040325  0.716507  0.551027  0.427770
-0.106712 -0.111791  0.036161 -0.603308 -0.122417 -0.788057
-0.065047 -0.095889  0.019016  0.122695  0.849226  0.513576
-0.046878 -0.072892  0.002407 -0.174760  0.523640 -0.833823
-0.026301 -0.071631  0.004815  0.442904  0.801604 -0.401581
-0.025062 -0.079029  0.002221  0.692764 -0.301178 -0.655263
-0.055663 -0.097839 -0.000351 -0.386977 -0.146409 -0.910392
-0.055379 -0.082850  0.001799 -0.759849  0.332307 -0.558749
-0.062757 -0.090507  0.019243 -0.316785 -0.457139  0.831067
-0.055601 -0.064625  0.037258 -0.764908  0.570409 -0.299248
-0.072771 -0.117347  0.025230  0.489285 -0.865157  0.110017
-0.092129 -0.120870  0.035677  0.150003 -0.938292  0.311619
-0.119191 -0.101490  0.069475  0.067810 -0.515173  0.854399
-0.135738 -0.096931  0.060259 -0.875424 -0.473345  0.097865
-0.131818 -0.075844  0.069124 -0.677614  0.297518  0.672550
-0.135611 -0.084397  0.054166 -0.571314  0.439045 -0.693427
-0.098898 -0.090770  0.050130  0.806719 -0.590347 -0.026366
-0.114308 -0.115077  0.052030  0.102875 -0.877018  0.469315
-0.111746 -0.086624  0.072478  0.169056 -0.132224  0.976697
-0.118362 -0.066696  0.067764 -0.407576  0.479503  0.777148
-0.126944 -0.070428  0.061559 -0.660002  0.551070 -0.510608
-0.125353 -0.054405  0.052960 -0.762495  0.574170 -0.298210
-0.110855 -0.059933  0.067604 -0.630911  0.166530  0.757773
-0.089373 -0.030293  0.066890  0.008816  0.268014 -0.963375
-0.102557 -0.079412  0.071675 -0.270876 -0.652059  0.708128
-0.105344 -0.063815  0.075543 -0.836732 -0.204561  0.507971
-0.080788 -0.075604  0.049913  0.004593 -0.267670 -0.963500
-0.100969 -0.048285  0.084058 -0.837575  0.175274  0.517443
-0.062492 -0.055190  0.052861 -0.522677  0.163736 -0.836659
-0.054641 -0.074427  0.051754 -0.524019 -0.588970 -0.615238
-0.052625 -0.067426  0.044255 -0.808007 -0.531388 -0.254465
-0.041877 -0.045942  0.088833  0.902475 -0.105891  0.417525
-0.059916 -0.027590  0.099000 -0.028317 -0.102829  0.994296
-0.029562 -0.031117  0.096830  0.928279 -0.356060 -0.107331
-0.088158 -0.031197  0.092581 -0.531323  0.329204  0.780590
-0.071333 -0.042764  0.104575  0.081692 -0.106371  0.990965
-0.031563 -0.083550  0.016874  0.298445 -0.932280  0.204414
-0.043487 -0.047599  0.064706  0.904981  0.383231 -0.184779
-0.041830 -0.065559  0.060295  0.979260 -0.156690  0.128447
-0.052737 -0.076823  0.059980  0.102989 -0.990187  0.094460
-0.021941 -0.075541  0.023867  0.975003  0.120513  0.186673
-0.043358 -0.059739  0.041738  0.597962  0.712441 -0.367245
-0.054177 -0.102026  0.005631  0.676044 -0.687131  0.266112
-0.036276 -0.072749  0.036449  0.874145 -0.080398  0.478963
-0.059231 -0.032040  0.061986  0.082667  0.501333 -0.861296
3 3 2 1 
3 5 4 3 
3 8 7 6 
3 9 7 8 
3 6 7 10 
3 11 12 13 
3 12 11 14 
3 12 15 13 
3 15 12 16 
3 1 2 9 
3 17 15 7 
3 18 17 7 
3 18 7 9 
3 19 11 18 
3 20 19 2 
3 7 21 10 
3 15 16 7 
3 7 16 21 
3 3 22 5 
3 23 5 22 
3 24 4 5 
3 24 5 23 
3 25 11 20 
3 25 20 4 
3 26 23 27 
3 26 24 23 
3 20 2 4 
3 25 4 24 
3 14 25 24 
3 14 24 26 
3 19 9 2 
3 19 18 9 
3 17 11 13 
3 18 11 17 
3 16 12 26 
3 26 27 16 
3 16 27 21 
3 20 11 19 
3 14 11 25 
3 13 15 17 
3 30 29 28 
3 31 29 30 
3 32 28 29 
3 33 28 32 
3 28 33 34 
3 35 28 34 
3 35 30 28 
3 35 34 36 
3 37 38 30 
3 35 37 30 
3 37 35 36 
3 37 36 39 
3 41 37 40 
3 41 42 37 
3 40 37 39 
3 42 43 38 
3 37 42 38 
3 31 30 38 
3 44 31 38 
3 44 38 43 
3 45 46 43 
3 47 46 48 
3 74 47 48 
3 48 46 45 
3 49 43 41 
3 41 43 42 
3 49 45 43 
3 50 46 47 
3 50 51 46 
3 52 51 50 
3 51 44 43 
3 43 46 51 
3 53 54 55 
3 55 114 56 
3 55 56 53 
3 57 54 53 
3 59 58 54 
3 59 54 51 
3 59 51 52 
3 60 59 52 
3 59 61 58 
3 44 54 57 
3 51 54 44 
3 62 63 64 
3 63 54 64 
3 114 55 65 
3 66 32 65 
3 68 66 67 
3 32 66 68 
3 54 63 55 
3 55 63 65 
3 65 63 66 
3 67 63 69 
3 69 63 62 
3 68 67 34 
3 34 67 69 
3 36 34 69 
3 36 69 62 
3 36 62 39 
3 64 70 62 
3 71 70 72 
3 73 70 64 
3 58 73 64 
3 58 61 73 
3 74 75 76 
3 77 75 45 
3 75 77 76 
3 73 61 76 
3 76 61 78 
3 78 74 76 
3 76 74 78 
3 61 60 78 
3 79 49 41 
3 79 72 49 
3 40 71 79 
3 40 79 41 
3 39 62 40 
3 71 40 62 
3 77 45 49 
3 72 70 80 
3 73 80 70 
3 80 77 49 
3 76 77 80 
3 60 61 59 
3 76 80 73 
3 58 64 54 
3 62 70 71 
3 79 71 72 
3 67 66 63 
3 83 82 81 
3 84 85 86 
3 87 84 86 
3 84 87 88 
3 87 89 90 
3 88 87 90 
3 90 84 88 
3 82 91 92 
3 95 94 93 
3 96 94 95 
3 82 94 96 
3 82 96 81 
3 96 97 81 
3 94 82 98 
3 94 98 93 
3 100 95 99 
3 100 101 95 
3 100 103 102 
3 104 102 57 
3 100 99 103 
3 103 99 105 
3 106 103 105 
3 107 101 102 
3 21 106 10 
3 108 106 21 
3 104 107 102 
3 110 107 109 
3 110 109 111 
3 111 109 90 
3 114 113 112 
3 65 113 114 
3 31 113 65 
3 115 113 31 
3 113 116 112 
3 115 31 57 
3 31 44 57 
3 108 21 27 
3 115 108 27 
3 115 27 116 
3 108 115 57 
3 108 57 103 
3 10 105 6 
3 97 96 101 
3 107 97 101 
3 86 117 87 
3 119 118 112 
3 90 122 121 
3 90 121 85 
3 90 85 84 
3 123 91 87 
3 82 87 91 
3 98 97 93 
3 81 97 98 
3 81 98 92 
3 92 91 81 
3 121 124 117 
3 117 124 119 
3 119 120 117 
3 90 117 111 
3 111 117 110 
3 110 117 120 
3 121 117 86 
3 121 86 85 
3 93 97 99 
3 97 107 6 
3 97 6 105 
3 99 97 105 
3 83 91 123 
3 89 83 123 
3 83 81 91 
3 89 123 117 
3 123 87 117 
3 109 107 125 
3 122 118 119 
3 122 119 124 
3 122 124 121 
3 112 118 56 
3 56 118 125 
3 109 122 90 
3 112 56 114 
3 57 125 104 
3 125 107 104 
3 109 125 122 
3 125 118 122 
3 90 89 117 
3 98 82 92 
3 87 82 83 
3 95 93 99 
3 103 57 102 
3 95 101 96 
3 106 105 10 
3 113 115 116 
3 14 26 12 
3 3 4 2 
3 1 8 6 
3 8 1 9 
3 22 116 23 
3 27 23 116 
3 112 116 22 
3 3 112 22 
3 112 3 119 
3 1 120 3 
3 3 120 119 
3 107 120 6 
3 110 120 107 
3 102 101 100 
3 106 108 103 
3 65 32 29 
3 31 65 29 
3 49 72 80 
3 89 87 83 
3 45 75 48 
3 48 75 74 
