99 194
-0.017534 -0.005773 -0.001672 -0.984280  0.011050 -0.176269
-0.015336 -0.001709 -0.005020 -0.889975  0.310137 -0.334306
-0.014889 -0.004263 -0.007677 -0.886128  0.142050 -0.441134
-0.015134 -0.009392 -0.006469 -0.875364 -0.262436 -0.406035
-0.016145 -0.011160 -0.000750 -0.699910 -0.714103  0.013489
-0.016894 -0.008737  0.003632 -0.631484 -0.579492  0.515186
-0.017213 -0.004306  0.005621 -0.898519  0.055506  0.435410
-0.016408 -0.000916  0.001140 -0.913291  0.403889 -0.052658
-0.009812  0.008402 -0.009034 -0.645537  0.705260 -0.293071
-0.008588  0.000363 -0.016332 -0.665611  0.370935 -0.647587
-0.008109 -0.002378 -0.019176 -0.643716  0.214909 -0.734468
-0.008156 -0.010315 -0.019210 -0.449121 -0.310887 -0.837639
-0.009509 -0.013840 -0.011591  0.013125 -0.993433 -0.113663
-0.011753 -0.011069  0.001350  0.172633 -0.856751  0.485978
-0.012790 -0.004464  0.007535 -0.243129 -0.602713  0.760017
-0.013200  0.000903  0.010083 -0.613210  0.302424  0.729735
-0.011834  0.006489  0.002472 -0.568393  0.792868  0.219750
-0.002403  0.009072 -0.015098 -0.262768  0.935520 -0.236124
-0.001819  0.005958 -0.018558 -0.307473  0.393522 -0.866372
-0.001849  0.000709 -0.018580 -0.067519  0.210519 -0.975255
-0.001458 -0.007908 -0.021141  0.203740 -0.594941 -0.777518
-0.002952 -0.009810 -0.012653  0.398168 -0.917308  0.002902
-0.003984 -0.009892 -0.006743  0.457610 -0.847788  0.268046
-0.005343 -0.006355  0.001153  0.241111 -0.938348  0.247725
-0.006902 -0.002759  0.010219 -0.293712 -0.770467  0.565786
-0.007451 -0.000894  0.013429 -0.209268 -0.387412  0.897841
-0.007312  0.002795  0.012766 -0.457859  0.547910  0.700115
-0.006053  0.006568  0.005703 -0.517300  0.825819  0.224553
-0.004040  0.008542 -0.005741 -0.127716  0.988731  0.078105
 0.004224  0.010541 -0.016663 -0.321777  0.776454 -0.541829
 0.004404  0.008107 -0.017781 -0.068233  0.116729 -0.990817
 0.004365  0.001357 -0.017810  0.300439 -0.229351 -0.925816
 0.004701 -0.003949 -0.019925  0.572692  0.053986 -0.817991
 0.004377 -0.007954 -0.018219  0.439573 -0.857279 -0.268046
 0.002490 -0.006676 -0.007377  0.159001 -0.982720  0.094761
 0.001319 -0.004636 -0.000596 -0.051729 -0.998325 -0.025898
 0.000020 -0.008159  0.006716 -0.411723 -0.858876 -0.304659
-0.001083 -0.009117  0.012991 -0.794617 -0.590510  0.141003
-0.001320 -0.007122  0.014416 -0.735698 -0.040305  0.676109
-0.000879 -0.001614  0.012100 -0.429338 -0.017921  0.902966
-0.001113  0.006381  0.013734 -0.561752  0.108288  0.820188
-0.000964  0.011758  0.013080 -0.756988  0.447975  0.475697
-0.000284  0.012208  0.009203 -0.407856  0.896787 -0.171540
 0.001097  0.009358  0.001186 -0.290660  0.942357 -0.165769
 0.002786  0.009264 -0.008480 -0.256521  0.965738  0.039325
 0.010816  0.013197 -0.017977  0.069622  0.827712 -0.556818
 0.011067  0.008327 -0.019597 -0.025508  0.247147 -0.968642
 0.010820  0.001011 -0.018459 -0.197543 -0.397323 -0.896165
 0.009790 -0.000758 -0.012617 -0.185747 -0.819476 -0.542178
 0.008875 -0.006587 -0.007593  0.141806 -0.810050 -0.568955
 0.008122 -0.008226 -0.003352 -0.269020 -0.944656 -0.187758
 0.006425 -0.009819  0.006307  0.045154 -0.948716 -0.312889
 0.004808 -0.016224  0.015331  0.100469 -0.987746 -0.119430
 0.004027 -0.013425  0.019898 -0.217686 -0.379032  0.899415
 0.003969 -0.008552  0.020410 -0.157880  0.295538  0.942195
 0.004587 -0.002166  0.017112 -0.188285 -0.003522  0.982108
 0.004393  0.005266  0.018499 -0.236394 -0.058785  0.969877
 0.004559  0.013894  0.017860 -0.082075  0.844337  0.529490
 0.006297  0.013113  0.007881 -0.012394  0.982001 -0.188468
 0.007844  0.010954 -0.001054 -0.041575  0.998388 -0.038650
 0.009372  0.012608 -0.009729 -0.066973  0.990301  0.121732
 0.016815  0.009905 -0.016115  0.464030  0.851134 -0.245453
 0.017353  0.006290 -0.019331  0.291783  0.323515 -0.900111
 0.017451 -0.000895 -0.020162 -0.257490 -0.418525 -0.870940
 0.016136 -0.007106 -0.012861 -0.361093 -0.759438 -0.541170
 0.015590 -0.010241 -0.009858 -0.187001 -0.958509 -0.215154
 0.014124 -0.007268 -0.001350  0.019260 -0.991652  0.127493
 0.012082 -0.006681  0.010352  0.244811 -0.966690 -0.074687
 0.011014 -0.007763  0.016441  0.637039 -0.494853  0.591018
 0.011147 -0.005011  0.015775  0.412423  0.141494  0.899937
 0.011431 -0.002194  0.014249  0.350768  0.184651  0.918077
 0.011223  0.000865  0.015554  0.371815 -0.216600  0.902684
 0.010979  0.007109  0.017182  0.412499 -0.018783  0.910764
 0.011171  0.012550  0.016281  0.530909  0.610500  0.587729
 0.011494  0.012555  0.014434  0.429044  0.902539  0.036664
 0.013560  0.010656  0.002543  0.321411  0.945648 -0.049435
 0.022744  0.006111 -0.013885  0.585629  0.615431 -0.527526
 0.023483 -0.002124 -0.018414  0.553267  0.184933 -0.812217
 0.023415 -0.006313 -0.018186  0.495341 -0.544382 -0.676968
 0.022780 -0.008386 -0.014624  0.289972 -0.930030 -0.225745
 0.022242 -0.008646 -0.011547  0.292929 -0.879480 -0.375111
 0.021713 -0.010781 -0.008600  0.406275 -0.908648 -0.096435
 0.020847 -0.009610 -0.003608  0.187531 -0.951853  0.242502
 0.018541 -0.006527  0.009704  0.360333 -0.932306  0.031072
 0.018140 -0.007222  0.011979  0.457080 -0.756931  0.467047
 0.017952 -0.004539  0.013159  0.303022  0.164693  0.938645
 0.018189 -0.002472  0.011876  0.305328  0.298617  0.904214
 0.018252  0.003153  0.011715  0.584993 -0.035514  0.810260
 0.018275  0.006965  0.011730  0.716904  0.418282  0.557754
 0.018882  0.007665  0.008285  0.561350  0.802336  0.202837
 0.020859  0.007388 -0.003044  0.367945  0.929052  0.038450
 0.022406  0.007167 -0.011911  0.456838  0.880593 -0.125915
 0.028566  0.003878 -0.010972  0.921099  0.263113 -0.286963
 0.027208 -0.004271 -0.003496  0.785742 -0.618547 -0.003236
 0.024665 -0.001069  0.011172  0.711039 -0.375816  0.594295
 0.025728  0.002451  0.005214  0.640610  0.465076  0.611001
 0.026307  0.005710  0.002026  0.630212  0.736191  0.246690
 0.028607 -0.002347 -0.002356  0.867628 -0.488842  0.090859
 0.027173 -0.000936  0.005899  0.934469  0.100719  0.341500
3 2 3 1 
3 3 4 1 
3 4 5 1 
3 5 6 1 
3 6 7 1 
3 7 8 1 
3 8 2 1 
3 9 10 2 
3 10 3 2 
3 10 11 3 
3 11 4 3 
3 11 12 4 
3 12 13 4 
3 13 5 4 
3 13 14 5 
3 14 6 5 
3 14 15 6 
3 15 7 6 
3 15 16 7 
3 16 17 7 
3 17 8 7 
3 17 9 8 
3 9 2 8 
3 18 19 9 
3 19 10 9 
3 19 20 10 
3 20 11 10 
3 20 12 11 
3 20 21 12 
3 21 13 12 
3 21 22 13 
3 22 23 13 
3 23 14 13 
3 23 24 14 
3 24 25 14 
3 25 15 14 
3 25 26 15 
3 26 16 15 
3 26 27 16 
3 27 28 16 
3 28 17 16 
3 28 29 17 
3 29 9 17 
3 29 18 9 
3 30 19 18 
3 30 31 19 
3 31 20 19 
3 31 32 20 
3 32 33 20 
3 33 21 20 
3 33 34 21 
3 34 22 21 
3 34 35 22 
3 35 23 22 
3 35 36 23 
3 36 24 23 
3 36 37 24 
3 37 25 24 
3 37 38 25 
3 38 39 25 
3 39 40 25 
3 40 26 25 
3 40 41 26 
3 41 27 26 
3 41 28 27 
3 41 42 28 
3 42 43 28 
3 43 44 28 
3 44 29 28 
3 44 45 29 
3 45 18 29 
3 45 30 18 
3 46 47 30 
3 47 31 30 
3 47 48 31 
3 48 32 31 
3 48 49 32 
3 49 50 32 
3 50 33 32 
3 50 34 33 
3 50 35 34 
3 50 51 35 
3 51 36 35 
3 51 52 36 
3 52 37 36 
3 52 53 37 
3 53 38 37 
3 53 54 38 
3 54 39 38 
3 54 55 39 
3 55 40 39 
3 55 56 40 
3 56 41 40 
3 56 57 41 
3 57 42 41 
3 57 58 42 
3 58 43 42 
3 58 59 43 
3 59 44 43 
3 59 60 44 
3 60 45 44 
3 60 61 45 
3 61 30 45 
3 61 46 30 
3 62 47 46 
3 62 63 47 
3 63 48 47 
3 63 64 48 
3 64 49 48 
3 64 50 49 
3 64 65 50 
3 65 51 50 
3 65 66 51 
3 66 67 51 
3 67 52 51 
3 67 68 52 
3 68 53 52 
3 68 69 53 
3 69 54 53 
3 69 70 54 
3 70 55 54 
3 70 71 55 
3 71 56 55 
3 71 72 56 
3 72 57 56 
3 72 73 57 
3 73 58 57 
3 73 74 58 
3 74 75 58 
3 75 59 58 
3 75 76 59 
3 76 60 59 
3 76 62 60 
3 62 61 60 
3 62 46 61 
3 77 63 62 
3 77 78 63 
3 78 64 63 
3 78 79 64 
3 79 65 64 
3 79 80 65 
3 80 81 65 
3 81 66 65 
3 81 82 66 
3 82 83 66 
3 83 67 66 
3 83 68 67 
3 83 84 68 
3 84 85 68 
3 85 69 68 
3 85 70 69 
3 85 86 70 
3 86 71 70 
3 86 87 71 
3 87 72 71 
3 87 88 72 
3 88 73 72 
3 88 89 73 
3 89 74 73 
3 89 75 74 
3 89 90 75 
3 90 76 75 
3 90 91 76 
3 91 62 76 
3 91 92 62 
3 92 77 62 
3 93 78 77 
3 93 79 78 
3 93 94 79 
3 94 80 79 
3 94 81 80 
3 94 82 81 
3 94 83 82 
3 94 95 83 
3 95 84 83 
3 95 85 84 
3 95 86 85 
3 95 87 86 
3 95 96 87 
3 96 88 87 
3 96 89 88 
3 96 90 89 
3 96 97 90 
3 97 91 90 
3 97 92 91 
3 97 93 92 
3 93 77 92 
3 98 94 93 
3 98 95 94 
3 98 99 95 
3 99 96 95 
3 99 97 96 
3 99 93 97 
3 99 98 93 
