142 158
 0.006000 -0.031255 -0.003181  0.026104  0.982554 -0.184135
 0.006000 -0.028520  0.008335 -0.014960  0.979010  0.203264
 0.006000 -0.038777  0.028074  0.049215  0.452881  0.890212
 0.006000 -0.048694  0.029719  0.012573 -0.207697  0.978112
 0.006000 -0.068186  0.023687 -0.153481 -0.500705  0.851903
 0.006000 -0.079129  0.013818 -0.192885 -0.344881  0.918615
 0.006000 -0.133499  0.007785 -0.150209 -0.050627  0.987357
 0.006000 -0.235059  0.005866 -0.187120 -0.009864  0.982287
 0.006000 -0.304476  0.006689 -0.151046  0.032579  0.987990
 0.006000 -0.368081  0.011350 -0.178578  0.181105  0.967115
 0.006000 -0.390306  0.020945 -0.108962  0.258460  0.959857
 0.006000 -0.405352  0.023414  0.112415 -0.151640  0.982023
 0.006000 -0.415269  0.017380  0.277233 -0.946951  0.162560
 0.006000 -0.403302  0.013269  0.077445 -0.915073 -0.395781
 0.006000 -0.400565  0.008882  0.063460 -0.964583  0.256034
 0.006000 -0.403984 -0.003181  0.238699 -0.942708  0.233077
 0.016460 -0.031255  0.009683  0.365907  0.927305  0.078848
 0.023854 -0.040317  0.018777  0.675838  0.510886  0.531261
 0.024485 -0.052627  0.019554  0.628821 -0.009172  0.777496
 0.024937 -0.068357  0.020108  0.417362 -0.248889  0.873993
 0.022682 -0.080667  0.017336  0.214861 -0.271632  0.938110
 0.019616 -0.117256  0.013565  0.105106 -0.084581  0.990858
 0.017092 -0.186161  0.010460  0.207089 -0.032410  0.977785
 0.014837 -0.254550  0.007688  0.390661  0.009946  0.920481
 0.014927 -0.320036  0.007798  0.462914  0.174272  0.869103
 0.018624 -0.365173  0.012346  0.583372  0.220021  0.781836
 0.020879 -0.396121  0.015118  0.644387 -0.064219  0.761998
 0.020788 -0.406891  0.015007  0.313435 -0.932997  0.176847
 0.018263 -0.405010  0.011902 -0.462263 -0.804807 -0.372289
 0.013214 -0.404839  0.005692 -0.516029 -0.846722  0.129520
 0.027593 -0.033990  0.003088  0.521506  0.852955  0.022333
 0.030512 -0.041855  0.003937  0.937141  0.313706  0.152828
 0.030804 -0.056559  0.004021  0.939477  0.185358  0.288142
 0.038683 -0.068529  0.006308  0.937654  0.155695  0.310748
 0.039000 -0.082205  0.007241  0.890760 -0.059736  0.450532
 0.038389 -0.101014  0.006224  0.799145 -0.102859  0.592273
 0.032262 -0.137261  0.004445  0.894351 -0.110492  0.433506
 0.024092 -0.204625  0.002072  0.940846 -0.063695  0.332794
 0.019423 -0.271990  0.000716  0.964331  0.020173  0.263931
 0.021174 -0.340039  0.001225  0.968665  0.089455  0.231701
 0.025842 -0.386886  0.002580  0.934286  0.176601  0.309714
 0.031970 -0.398514  0.004361  0.906698 -0.369647  0.203128
 0.028176 -0.406719  0.003259  0.091665 -0.995258  0.032549
 0.016505 -0.409115 -0.000131 -0.313761 -0.932870  0.176941
 0.027593 -0.033990 -0.009449  0.543565  0.795953 -0.266449
 0.030512 -0.041855 -0.010298  0.943921  0.189193 -0.270591
 0.030804 -0.056559 -0.010382  0.935949  0.305375 -0.175346
 0.038683 -0.068529 -0.012669  0.915407  0.298178 -0.270408
 0.039000 -0.082205 -0.013603  0.933568 -0.081727 -0.348958
 0.038389 -0.101014 -0.012585  0.920782 -0.093179 -0.378785
 0.032262 -0.137261 -0.010806  0.828105 -0.143275 -0.541954
 0.024092 -0.204625 -0.008433  0.861807 -0.094471 -0.498361
 0.019423 -0.271990 -0.007078  0.911553 -0.021317 -0.410630
 0.021174 -0.340039 -0.007586  0.933407  0.065280 -0.352831
 0.025842 -0.386886 -0.008942  0.912974  0.301395 -0.275025
 0.031970 -0.398514 -0.010722  0.947972  0.039131 -0.315938
 0.028176 -0.406719 -0.009620  0.559121 -0.800855 -0.214511
 0.016505 -0.409115 -0.006230 -0.118470 -0.992615  0.026074
 0.016009 -0.034675 -0.015491  0.272825  0.879168 -0.390679
 0.019165 -0.036555 -0.019372  0.723004  0.532571 -0.440038
 0.024576 -0.045959 -0.026026  0.739502  0.407353 -0.535910
 0.027371 -0.062202 -0.029463  0.646465  0.337415 -0.684276
 0.028633 -0.070580 -0.031017  0.594710 -0.063748 -0.801409
 0.024304 -0.084087 -0.025692  0.272292 -0.243644 -0.930857
 0.019797 -0.110418 -0.020148  0.079818 -0.110277 -0.990691
 0.015558 -0.169404 -0.014935  0.229387 -0.061857 -0.971368
 0.013754 -0.253356 -0.012718  0.421766 -0.012026 -0.906625
 0.014566 -0.320720 -0.013717  0.513819  0.057182 -0.855991
 0.017812 -0.378509 -0.017707  0.593585  0.284311 -0.752877
 0.022051 -0.392871 -0.022920  0.575583  0.055560 -0.815854
 0.019616 -0.403472 -0.019927  0.351954 -0.715507 -0.603471
 0.013574 -0.409115 -0.012495 -0.043422 -0.999056 -0.001157
 0.006000 -0.035359 -0.013324 -0.031614  0.990925 -0.130644
 0.006000 -0.031255 -0.020178 -0.037095  0.992768 -0.114173
 0.006000 -0.035359 -0.036354  0.004335  0.596621 -0.802511
 0.006000 -0.055875 -0.037450 -0.101517  0.207897 -0.972868
 0.006000 -0.058953 -0.038273  0.137235 -0.110776 -0.984325
 0.006000 -0.067159 -0.028403  0.379109 -0.354815 -0.854624
 0.006000 -0.083575 -0.020452  0.229113 -0.163328 -0.959599
 0.006000 -0.134183 -0.015243  0.105145 -0.051551 -0.993120
 0.006000 -0.234718 -0.014147  0.059631 -0.002644 -0.998217
 0.006000 -0.301399 -0.014970  0.083805  0.048183 -0.995317
 0.006000 -0.370131 -0.020452  0.041418  0.246143 -0.968348
 0.006000 -0.387229 -0.027580 -0.073799  0.051353 -0.995950
 0.006000 -0.400223 -0.023742  0.049545 -0.559132 -0.827597
 0.006000 -0.409115 -0.016339  0.239518 -0.954554 -0.177364
-0.007525 -0.034503 -0.019815 -0.288741  0.935561 -0.203359
-0.011132 -0.042881 -0.024252 -0.615503  0.772240 -0.157486
-0.015371 -0.047497 -0.029463 -0.744439  0.144751 -0.651811
-0.013477 -0.059294 -0.027134 -0.770644 -0.105343 -0.628498
-0.011312 -0.069554 -0.024473 -0.548356 -0.268001 -0.792137
-0.007256 -0.101014 -0.019482  0.252230 -0.359319 -0.898482
-0.004641 -0.126660 -0.016267  0.199139 -0.163063 -0.966309
-0.001394 -0.202231 -0.012274 -0.142571 -0.039059 -0.989014
-0.002747 -0.286523 -0.013938 -0.378921  0.010928 -0.925364
-0.003198 -0.336963 -0.014492 -0.389121  0.073280 -0.918267
-0.008879 -0.388938 -0.021478 -0.542606  0.208467 -0.813708
-0.010321 -0.400052 -0.023253 -0.561209 -0.140268 -0.815701
-0.005542 -0.406550 -0.017376 -0.237039 -0.580417 -0.779057
-0.001935 -0.414585 -0.012939  0.381323 -0.831336 -0.404318
-0.026973 -0.033649 -0.012754 -0.508221  0.831637 -0.223811
-0.031351 -0.054507 -0.014025 -0.907647  0.133050 -0.398088
-0.027850 -0.059636 -0.013008 -0.729089 -0.545060 -0.413931
-0.020554 -0.062715 -0.010890 -0.847523 -0.496855 -0.186655
-0.012676 -0.080155 -0.008602 -0.932095 -0.246601 -0.265306
-0.010049 -0.134867 -0.007841 -0.861820 -0.116328 -0.493695
-0.010049 -0.169746 -0.007841 -0.808043 -0.080737 -0.583566
-0.005088 -0.270283 -0.006401 -0.876999 -0.001908 -0.480489
-0.010632 -0.338330 -0.008009 -0.915677  0.037598 -0.400152
-0.011216 -0.372526 -0.008178 -0.902519  0.147905 -0.404455
-0.023764 -0.407746 -0.011821 -0.936275  0.056937 -0.346621
-0.020846 -0.412876 -0.010974 -0.647045 -0.669653 -0.364550
-0.009466 -0.412876 -0.007671 -0.449493 -0.807215 -0.382571
-0.005672 -0.420056 -0.006569  0.146867 -0.937235 -0.316260
-0.026973 -0.033649  0.006393 -0.612523  0.770857  0.174916
-0.031351 -0.054507  0.007664 -0.910045 -0.198379  0.363956
-0.027850 -0.059636  0.006647 -0.583723 -0.789956  0.187716
-0.020554 -0.062715  0.004528 -0.652539 -0.733597  0.189814
-0.012676 -0.080155  0.002242 -0.888528 -0.246416  0.387036
-0.010049 -0.134867  0.001480 -0.887087 -0.024943  0.460928
-0.010049 -0.169746  0.001480 -0.921601 -0.026930  0.387203
-0.005088 -0.270283  0.000040 -0.935863  0.014696  0.352059
-0.010632 -0.338330  0.001648 -0.955866  0.049836  0.289547
-0.011216 -0.372526  0.001817 -0.950639  0.182352  0.251065
-0.023764 -0.407746  0.005459 -0.927046 -0.086946  0.364729
-0.020846 -0.412876  0.004614 -0.409521 -0.853025  0.323482
-0.009466 -0.412876  0.001310 -0.361870 -0.841058  0.402083
-0.005672 -0.420056  0.000207  0.141917 -0.849843  0.507569
-0.007977 -0.031083  0.014009 -0.450041  0.837202  0.310735
-0.015821 -0.046642  0.023657 -0.560300  0.053002  0.826593
-0.015280 -0.054165  0.022992 -0.444284 -0.575854  0.686298
-0.011042 -0.065450  0.017780 -0.441880 -0.633114  0.635538
-0.005362 -0.079642  0.010793 -0.415833 -0.266469  0.869527
-0.002566 -0.134183  0.007355 -0.301151 -0.030609  0.953085
-0.001935 -0.202403  0.006578 -0.430750 -0.021867  0.902207
-0.000673 -0.287377  0.005027 -0.506645  0.017868  0.861969
-0.003919 -0.353205  0.009019 -0.582024  0.090835  0.808082
-0.007256 -0.381415  0.013121 -0.627343  0.210026  0.749886
-0.011944 -0.406550  0.018889 -0.497161 -0.098025  0.862103
-0.009058 -0.414073  0.015340 -0.046693 -0.853293  0.519337
-0.004190 -0.408089  0.009352  0.213005 -0.820823  0.529980
-0.001574 -0.410312  0.006135  0.479420 -0.618750  0.622338
3 1 2 17 
4 2 3 18 17 
4 3 4 19 18 
4 4 5 20 19 
4 5 6 21 20 
4 6 7 22 21 
4 7 8 23 22 
4 8 9 24 23 
4 9 10 25 24 
4 10 11 26 25 
4 11 12 27 26 
4 12 13 28 27 
4 13 14 29 28 
4 14 15 30 29 
3 15 16 30 
3 1 17 31 
4 17 18 32 31 
4 18 19 33 32 
4 19 20 34 33 
3 21 35 20 
3 20 35 34 
3 22 36 21 
3 21 36 35 
4 22 23 37 36 
4 23 24 38 37 
4 24 25 39 38 
4 25 26 40 39 
4 26 27 41 40 
4 27 28 42 41 
4 28 29 43 42 
4 29 30 44 43 
3 30 16 44 
3 1 31 45 
4 31 32 46 45 
4 32 33 47 46 
4 33 34 48 47 
3 35 49 34 
3 34 49 48 
3 36 50 35 
3 35 50 49 
4 36 37 51 50 
4 37 38 52 51 
4 38 39 53 52 
4 39 40 54 53 
4 40 41 55 54 
4 41 42 56 55 
4 42 43 57 56 
4 43 44 58 57 
3 44 16 58 
3 1 45 59 
4 45 46 60 59 
4 46 47 61 60 
4 47 48 62 61 
3 49 63 48 
3 48 63 62 
3 50 64 49 
3 49 64 63 
4 50 51 65 64 
4 51 52 66 65 
4 52 53 67 66 
4 53 54 68 67 
4 54 55 69 68 
4 55 56 70 69 
4 56 57 71 70 
4 57 58 72 71 
3 58 16 72 
3 1 59 73 
4 59 60 74 73 
4 60 61 75 74 
4 61 62 76 75 
4 62 63 77 76 
4 63 64 78 77 
4 64 65 79 78 
4 65 66 80 79 
4 66 67 81 80 
4 67 68 82 81 
4 68 69 83 82 
4 69 70 84 83 
4 70 71 85 84 
4 71 72 86 85 
3 72 16 86 
3 1 73 87 
4 73 74 88 87 
4 74 75 89 88 
4 75 76 90 89 
4 76 77 91 90 
4 77 78 92 91 
4 78 79 93 92 
4 79 80 94 93 
4 80 81 95 94 
4 81 82 96 95 
4 82 83 97 96 
4 83 84 98 97 
4 84 85 99 98 
4 85 86 100 99 
3 86 16 100 
3 1 87 101 
4 87 88 102 101 
3 89 103 102 
3 88 89 102 
4 89 90 104 103 
4 90 91 105 104 
4 91 92 106 105 
4 92 93 107 106 
4 93 94 108 107 
4 94 95 109 108 
4 95 96 110 109 
4 96 97 111 110 
4 97 98 112 111 
4 98 99 113 112 
4 99 100 114 113 
3 100 16 114 
3 1 101 115 
4 101 102 116 115 
4 102 103 117 116 
4 103 104 118 117 
4 104 105 119 118 
4 105 106 120 119 
4 106 107 121 120 
4 107 108 122 121 
4 108 109 123 122 
4 109 110 124 123 
4 110 111 125 124 
4 111 112 126 125 
4 112 113 127 126 
4 113 114 128 127 
3 114 16 128 
3 1 115 129 
4 115 116 130 129 
4 116 117 131 130 
4 117 118 132 131 
4 118 119 133 132 
4 119 120 134 133 
4 120 121 135 134 
4 121 122 136 135 
4 122 123 137 136 
4 123 124 138 137 
4 124 125 139 138 
4 125 126 140 139 
4 126 127 141 140 
4 127 128 142 141 
3 128 16 142 
3 1 129 2 
4 129 130 3 2 
4 130 131 4 3 
4 131 132 5 4 
4 132 133 6 5 
4 133 134 7 6 
4 134 135 8 7 
4 135 136 9 8 
4 136 137 10 9 
4 137 138 11 10 
4 138 139 12 11 
4 139 140 13 12 
4 140 141 14 13 
4 141 142 15 14 
3 142 16 15 
3 89 90 103 
