208

0.05

0.1
0
0.2
0
0.05
0
0
0.15
0
0.5
0.01
0

0.05

0.1
0
0.2
0
0.05
0
0
0.15
0
0.5
0.01
0

0.4

0.1
0
0.3
0
0.05
0
0
0.15
0.5
0
0.05
0

0.4

0.1
0
0.3
0
0.05
0
0
0.15
0.5
0
0.05
0

0.025

0.05
0
0.05
0
0
3.0
0.3
0
0.3
0
0.05
0

0.025

0.05
0
0.05
0
0
3.0
0.3
0
0.3
0
0.05
0

0.125

0
0.5
0
1.5
0.8
0
0.3
0
0.3
0
0.05
0

0.125

0
0.5
0
1.5
0.8
0
0.3
0
0.3
0
0.05
0

0.125

0
0.15
0.5
0
0.05
0
0.1
0
0.3
0
0.05
0

0.125

0
0.15
0.5
0
0.05
0
0.1
0
0.3
0
0.05
0

0.025

0.05
0
0.05
0
0
3.0
0.3
0
0.3
0
0.05
0

0.025

0.05
0
0.05
0
0
3.0
0.3
0
0.3
0
0.05
0

0.125

0
0.5
0
1.5
0.8
0
0.3
0
0.3
0
0.05
0

0.125

0
0.5
0
1.5
0.8
0
0.3
0
0.3
0
0.05
0

0.125

0
0.15
0.5
0
0.05
0
0.1
0
0.3
0
0.05
0

0.125

0
0.15
0.5
0
0.05
0
0.1
0
0.3
0
0.05
0

0.000
10.00
0
