264 288
0.006 -0.031255 -0.003181 0 0 0
0.006 -0.02852 0.008335 0 0 0
0.006 -0.038777 0.028074 0 0 0
0.006 -0.048694 0.029719 0 0 0
0.006 -0.068186 0.023687 0 0 0
0.006 -0.079129 0.013818 0 0 0
0.006 -0.133499 0.007785 0 0 0
0.006 -0.235059 0.005866 0 0 0
0.006 -0.304476 0.006689 0 0 0
0.006 -0.368081 0.01135 0 0 0
0.006 -0.390306 0.020945 0 0 0
0.006 -0.405352 0.023414 0 0 0
0.006 -0.415269 0.01738 0 0 0
0.006 -0.403302 0.013269 0 0 0
0.006 -0.400565 0.008882 0 0 0
0.006 -0.403984 -0.003181 0 0 0
0.01646 -0.031255 0.009683 0 0 0
0.023854 -0.040317 0.018777 0 0 0
0.024485 -0.052627 0.019554 0 0 0
0.024937 -0.068357 0.020108 0 0 0
0.022682 -0.080667 0.017336 0 0 0
0.019616 -0.117256 0.013565 0 0 0
0.017092 -0.186161 0.01046 0 0 0
0.014837 -0.25455 0.007688 0 0 0
0.014927 -0.320036 0.007798 0 0 0
0.018624 -0.365173 0.012346 0 0 0
0.020879 -0.396121 0.015118 0 0 0
0.020788 -0.406891 0.015007 0 0 0
0.018263 -0.40501 0.011902 0 0 0
0.013214 -0.404839 0.005692 0 0 0
0.027593 -0.03399 0.003088 0 0 0
0.030512 -0.041855 0.003937 0 0 0
0.030804 -0.056559 0.004021 0 0 0
0.038683 -0.068529 0.006308 0 0 0
0.039 -0.082205 0.007241 0 0 0
0.038389 -0.101014 0.006224 0 0 0
0.032262 -0.137261 0.004445 0 0 0
0.024092 -0.204625 0.002072 0 0 0
0.019423 -0.27199 0.000716 0 0 0
0.021174 -0.340039 0.001225 0 0 0
0.025842 -0.386886 0.00258 0 0 0
0.03197 -0.398514 0.004361 0 0 0
0.028176 -0.406719 0.003259 0 0 0
0.016505 -0.409115 -0.000131 0 0 0
0.027593 -0.03399 -0.009449 0 0 0
0.030512 -0.041855 -0.010298 0 0 0
0.030804 -0.056559 -0.010382 0 0 0
0.038683 -0.068529 -0.012669 0 0 0
0.039 -0.082205 -0.013603 0 0 0
0.038389 -0.101014 -0.012585 0 0 0
0.032262 -0.137261 -0.010806 0 0 0
0.024092 -0.204625 -0.008433 0 0 0
0.019423 -0.27199 -0.007078 0 0 0
0.021174 -0.340039 -0.007586 0 0 0
0.025842 -0.386886 -0.008942 0 0 0
0.03197 -0.398514 -0.010722 0 0 0
0.028176 -0.406719 -0.00962 0 0 0
0.016505 -0.409115 -0.00623 0 0 0
0.016009 -0.034675 -0.015491 0 0 0
0.019165 -0.036555 -0.019372 0 0 0
0.024576 -0.045959 -0.026026 0 0 0
0.027371 -0.062202 -0.029463 0 0 0
0.028633 -0.07058 -0.031017 0 0 0
0.024304 -0.084087 -0.025692 0 0 0
0.019797 -0.110418 -0.020148 0 0 0
0.015558 -0.169404 -0.014935 0 0 0
0.013754 -0.253356 -0.012718 0 0 0
0.014566 -0.32072 -0.013717 0 0 0
0.017812 -0.378509 -0.017707 0 0 0
0.022051 -0.392871 -0.02292 0 0 0
0.019616 -0.403472 -0.019927 0 0 0
0.013574 -0.409115 -0.012495 0 0 0
0.006 -0.035359 -0.013324 0 0 0
0.006 -0.031255 -0.020178 0 0 0
0.006 -0.035359 -0.036354 0 0 0
0.006 -0.055875 -0.03745 0 0 0
0.006 -0.058953 -0.038273 0 0 0
0.006 -0.067159 -0.028403 0 0 0
0.006 -0.083575 -0.020452 0 0 0
0.006 -0.134183 -0.015243 0 0 0
0.006 -0.234718 -0.014147 0 0 0
0.006 -0.301399 -0.01497 0 0 0
0.006 -0.370131 -0.020452 0 0 0
0.006 -0.387229 -0.02758 0 0 0
0.006 -0.400223 -0.023742 0 0 0
0.006 -0.409115 -0.016339 0 0 0
-0.007525 -0.034503 -0.019815 0 0 0
-0.011132 -0.042881 -0.024252 0 0 0
-0.015371 -0.047497 -0.029463 0 0 0
-0.013477 -0.059294 -0.027134 0 0 0
-0.011312 -0.069554 -0.024473 0 0 0
-0.007256 -0.101014 -0.019482 0 0 0
-0.004641 -0.12666 -0.016267 0 0 0
-0.001394 -0.202231 -0.012274 0 0 0
-0.002747 -0.286523 -0.013938 0 0 0
-0.003198 -0.336963 -0.014492 0 0 0
-0.008879 -0.388938 -0.021478 0 0 0
-0.010321 -0.400052 -0.023253 0 0 0
-0.005542 -0.40655 -0.017376 0 0 0
-0.001935 -0.414585 -0.012939 0 0 0
-0.026973 -0.033649 -0.012754 0 0 0
-0.031351 -0.054507 -0.014025 0 0 0
-0.02785 -0.059636 -0.013008 0 0 0
-0.020554 -0.062715 -0.01089 0 0 0
-0.012676 -0.080155 -0.008602 0 0 0
-0.010049 -0.134867 -0.007841 0 0 0
-0.010049 -0.169746 -0.007841 0 0 0
-0.005088 -0.270283 -0.006401 0 0 0
-0.010632 -0.33833 -0.008009 0 0 0
-0.011216 -0.372526 -0.008178 0 0 0
-0.023764 -0.407746 -0.011821 0 0 0
-0.020846 -0.412876 -0.010974 0 0 0
-0.009466 -0.412876 -0.007671 0 0 0
-0.005672 -0.420056 -0.006569 0 0 0
-0.026973 -0.033649 0.006393 0 0 0
-0.031351 -0.054507 0.007664 0 0 0
-0.02785 -0.059636 0.006647 0 0 0
-0.020554 -0.062715 0.004528 0 0 0
-0.012676 -0.080155 0.002242 0 0 0
-0.010049 -0.134867 0.00148 0 0 0
-0.010049 -0.169746 0.00148 0 0 0
-0.005088 -0.270283 4e-05 0 0 0
-0.010632 -0.33833 0.001648 0 0 0
-0.011216 -0.372526 0.001817 0 0 0
-0.023764 -0.407746 0.005459 0 0 0
-0.020846 -0.412876 0.004614 0 0 0
-0.009466 -0.412876 0.00131 0 0 0
-0.005672 -0.420056 0.000207 0 0 0
-0.007977 -0.031083 0.014009 0 0 0
-0.015821 -0.046642 0.023657 0 0 0
-0.01528 -0.054165 0.022992 0 0 0
-0.011042 -0.06545 0.01778 0 0 0
-0.005362 -0.079642 0.010793 0 0 0
-0.002566 -0.134183 0.007355 0 0 0
-0.001935 -0.202403 0.006578 0 0 0
-0.000673 -0.287377 0.005027 0 0 0
-0.003919 -0.353205 0.009019 0 0 0
-0.007256 -0.381415 0.013121 0 0 0
-0.011944 -0.40655 0.018889 0 0 0
-0.009058 -0.414073 0.01534 0 0 0
-0.00419 -0.408089 0.009352 0 0 0
-0.001574 -0.410312 0.006135 0 0 0
-0.004 -0.425441 0.03 0 0 0
-0.004 -0.431823 0.0246 0 0 0
-0.004 -0.422082 0.02406 0 0 0
-0.004 -0.41066 0.02001 0 0 0
-0.004 -0.39252 0.02244 0 0 0
-0.004 -0.382444 0.02433 0 0 0
-0.004 -0.322989 0.02109 0 0 0
-0.004 -0.255471 0.02001 0 0 0
-0.004 -0.205421 0.02001 0 0 0
-0.004 -0.154364 0.02163 0 0 0
-0.004 -0.120437 0.02433 0 0 0
-0.004 -0.083823 0.02649 0 0 0
-0.004 -0.070387 0.02595 0 0 0
-0.004 -0.065685 0.03 0 0 0
-0.00035 -0.424433 0.024976 0 0 0
0.001713 -0.415363 0.022137 0 0 0
0.001237 -0.404111 0.022792 0 0 0
0.000126 -0.387819 0.024321 0 0 0
-0.000826 -0.365481 0.025631 0 0 0
0.00084 -0.301155 0.023337 0 0 0
0.001555 -0.226584 0.022354 0 0 0
0.001237 -0.176366 0.022792 0 0 0
0.000443 -0.125979 0.023884 0 0 0
0.000126 -0.101459 0.024321 0 0 0
0.001158 -0.081305 0.022901 0 0 0
-0.000429 -0.068708 0.025085 0 0 0
0.002676 -0.417044 0.027831 0 0 0
0.008839 -0.408645 0.025828 0 0 0
0.003447 -0.39756 0.02758 0 0 0
0.002162 -0.383116 0.027997 0 0 0
0.000879 -0.348518 0.028414 0 0 0
0.00319 -0.279321 0.027664 0 0 0
0.004474 -0.197696 0.027247 0 0 0
0.003447 -0.14731 0.02758 0 0 0
0.00242 -0.097595 0.027914 0 0 0
0.00396 -0.08248 0.027413 0 0 0
0.009352 -0.078786 0.025661 0 0 0
0.003704 -0.067028 0.027497 0 0 0
0.002676 -0.417044 0.032169 0 0 0
0.008839 -0.408645 0.034171 0 0 0
0.003447 -0.39756 0.03242 0 0 0
0.002162 -0.383116 0.032002 0 0 0
0.000879 -0.348518 0.031586 0 0 0
0.00319 -0.279321 0.032336 0 0 0
0.004474 -0.197696 0.032753 0 0 0
0.003447 -0.14731 0.03242 0 0 0
0.00242 -0.097595 0.032086 0 0 0
0.00396 -0.08248 0.032587 0 0 0
0.009352 -0.078786 0.034339 0 0 0
0.003704 -0.067028 0.032503 0 0 0
0.001476 -0.419899 0.037536 0 0 0
0.004094 -0.409821 0.04114 0 0 0
-0.00027 -0.394706 0.035134 0 0 0
-0.000509 -0.370015 0.034805 0 0 0
-0.000985 -0.301996 0.03415 0 0 0
-0.000905 -0.218354 0.03426 0 0 0
0.000364 -0.160746 0.036007 0 0 0
0.001555 -0.121949 0.037645 0 0 0
0.003538 -0.091717 0.040376 0 0 0
0.003856 -0.077777 0.040813 0 0 0
0.003141 -0.072571 0.03983 0 0 0
-0.000191 -0.064341 0.035242 0 0 0
-0.004 -0.422753 0.04161 0 0 0
-0.004 -0.410996 0.04404 0 0 0
-0.004 -0.39185 0.03486 0 0 0
-0.004 -0.356915 0.0354 0 0 0
-0.004 -0.255471 0.03513 0 0 0
-0.004 -0.157387 0.03297 0 0 0
-0.004 -0.123797 0.03594 0 0 0
-0.004 -0.096588 0.04107 0 0 0
-0.004 -0.08584 0.0489 0 0 0
-0.004 -0.073075 0.04836 0 0 0
-0.004 -0.066356 0.04026 0 0 0
-0.004 -0.061653 0.03486 0 0 0
-0.008047 -0.425945 0.03557 0 0 0
-0.010665 -0.415029 0.039175 0 0 0
-0.009713 -0.402096 0.037863 0 0 0
-0.01011 -0.380934 0.03841 0 0 0
-0.008285 -0.328532 0.035898 0 0 0
-0.00646 -0.26958 0.033386 0 0 0
-0.006777 -0.219362 0.033822 0 0 0
-0.008443 -0.156043 0.036116 0 0 0
-0.010745 -0.117079 0.039284 0 0 0
-0.011221 -0.094405 0.039939 0 0 0
-0.011935 -0.069043 0.040922 0 0 0
-0.007095 -0.059135 0.03426 0 0 0
-0.006055 -0.429136 0.030668 0 0 0
-0.012217 -0.419059 0.03267 0 0 0
-0.017866 -0.41234 0.034505 0 0 0
-0.018637 -0.40495 0.034756 0 0 0
-0.012987 -0.401592 0.032921 0 0 0
-0.009135 -0.381773 0.031669 0 0 0
-0.007338 -0.314928 0.031084 0 0 0
-0.007852 -0.215499 0.031252 0 0 0
-0.007852 -0.148318 0.031252 0 0 0
-0.009906 -0.115734 0.031919 0 0 0
-0.019921 -0.071731 0.035173 0 0 0
-0.009393 -0.056615 0.031752 0 0 0
-0.006055 -0.429136 0.029332 0 0 0
-0.012217 -0.419059 0.02733 0 0 0
-0.017866 -0.41234 0.025495 0 0 0
-0.018637 -0.40495 0.025244 0 0 0
-0.012987 -0.401592 0.027079 0 0 0
-0.009135 -0.381773 0.028331 0 0 0
-0.007338 -0.314928 0.028916 0 0 0
-0.007852 -0.215499 0.028748 0 0 0
-0.007852 -0.148318 0.028748 0 0 0
-0.009906 -0.115734 0.028081 0 0 0
-0.019921 -0.071731 0.024827 0 0 0
-0.009393 -0.056615 0.028248 0 0 0
-0.006222 -0.43048 0.026942 0 0 0
-0.008285 -0.420571 0.024102 0 0 0
-0.011221 -0.4115 0.020061 0 0 0
-0.010745 -0.398736 0.020716 0 0 0
-0.008443 -0.392018 0.023884 0 0 0
-0.008206 -0.352382 0.024211 0 0 0
-0.007967 -0.2852 0.024539 0 0 0
-0.008126 -0.21046 0.024321 0 0 0
-0.00765 -0.15134 0.024976 0 0 0
-0.007491 -0.118086 0.025195 0 0 0
-0.009952 -0.077777 0.021809 0 0 0
-0.006857 -0.063501 0.026068 0 0 0
3 1 2 17 
4 2 3 18 17 
4 3 4 19 18 
4 4 5 20 19 
4 5 6 21 20 
4 6 7 22 21 
4 7 8 23 22 
4 8 9 24 23 
4 9 10 25 24 
4 10 11 26 25 
4 11 12 27 26 
4 12 13 28 27 
4 13 14 29 28 
4 14 15 30 29 
3 15 16 30 
3 1 17 31 
4 17 18 32 31 
4 18 19 33 32 
4 19 20 34 33 
3 21 35 20 
3 20 35 34 
3 22 36 21 
3 21 36 35 
4 22 23 37 36 
4 23 24 38 37 
4 24 25 39 38 
4 25 26 40 39 
4 26 27 41 40 
4 27 28 42 41 
4 28 29 43 42 
4 29 30 44 43 
3 30 16 44 
3 1 31 45 
4 31 32 46 45 
4 32 33 47 46 
4 33 34 48 47 
3 35 49 34 
3 34 49 48 
3 36 50 35 
3 35 50 49 
4 36 37 51 50 
4 37 38 52 51 
4 38 39 53 52 
4 39 40 54 53 
4 40 41 55 54 
4 41 42 56 55 
4 42 43 57 56 
4 43 44 58 57 
3 44 16 58 
3 1 45 59 
4 45 46 60 59 
4 46 47 61 60 
4 47 48 62 61 
3 49 63 48 
3 48 63 62 
3 50 64 49 
3 49 64 63 
4 50 51 65 64 
4 51 52 66 65 
4 52 53 67 66 
4 53 54 68 67 
4 54 55 69 68 
4 55 56 70 69 
4 56 57 71 70 
4 57 58 72 71 
3 58 16 72 
3 1 59 73 
4 59 60 74 73 
4 60 61 75 74 
4 61 62 76 75 
4 62 63 77 76 
4 63 64 78 77 
4 64 65 79 78 
4 65 66 80 79 
4 66 67 81 80 
4 67 68 82 81 
4 68 69 83 82 
4 69 70 84 83 
4 70 71 85 84 
4 71 72 86 85 
3 72 16 86 
3 1 73 87 
4 73 74 88 87 
4 74 75 89 88 
4 75 76 90 89 
4 76 77 91 90 
4 77 78 92 91 
4 78 79 93 92 
4 79 80 94 93 
4 80 81 95 94 
4 81 82 96 95 
4 82 83 97 96 
4 83 84 98 97 
4 84 85 99 98 
4 85 86 100 99 
3 86 16 100 
3 1 87 101 
4 87 88 102 101 
3 89 103 102 
3 88 89 102 
4 89 90 104 103 
4 90 91 105 104 
4 91 92 106 105 
4 92 93 107 106 
4 93 94 108 107 
4 94 95 109 108 
4 95 96 110 109 
4 96 97 111 110 
4 97 98 112 111 
4 98 99 113 112 
4 99 100 114 113 
3 100 16 114 
3 1 101 115 
4 101 102 116 115 
4 102 103 117 116 
4 103 104 118 117 
4 104 105 119 118 
4 105 106 120 119 
4 106 107 121 120 
4 107 108 122 121 
4 108 109 123 122 
4 109 110 124 123 
4 110 111 125 124 
4 111 112 126 125 
4 112 113 127 126 
4 113 114 128 127 
3 114 16 128 
3 1 115 129 
4 115 116 130 129 
4 116 117 131 130 
4 117 118 132 131 
4 118 119 133 132 
4 119 120 134 133 
4 120 121 135 134 
4 121 122 136 135 
4 122 123 137 136 
4 123 124 138 137 
4 124 125 139 138 
4 125 126 140 139 
4 126 127 141 140 
4 127 128 142 141 
3 128 16 142 
3 1 129 2 
4 129 130 3 2 
4 130 131 4 3 
4 131 132 5 4 
4 132 133 6 5 
4 133 134 7 6 
4 134 135 8 7 
4 135 136 9 8 
4 136 137 10 9 
4 137 138 11 10 
4 138 139 12 11 
4 139 140 13 12 
4 140 141 14 13 
4 141 142 15 14 
3 142 16 15 
3 89 90 103 
3 143 144 157 
4 144 145 158 157 
4 145 146 159 158 
4 146 147 160 159 
4 147 148 161 160 
4 148 149 162 161 
4 149 150 163 162 
4 150 151 164 163 
4 151 152 165 164 
4 152 153 166 165 
4 153 154 167 166 
4 154 155 168 167 
3 155 156 168 
3 143 157 169 
4 157 158 170 169 
4 158 159 171 170 
4 159 160 172 171 
4 160 161 173 172 
4 161 162 174 173 
4 162 163 175 174 
4 163 164 176 175 
4 164 165 177 176 
4 165 166 178 177 
4 166 167 179 178 
4 167 168 180 179 
3 168 156 180 
3 143 169 181 
4 169 170 182 181 
4 170 171 183 182 
4 171 172 184 183 
4 172 173 185 184 
4 173 174 186 185 
4 174 175 187 186 
4 175 176 188 187 
4 176 177 189 188 
4 177 178 190 189 
4 178 179 191 190 
4 179 180 192 191 
3 180 156 192 
3 143 181 193 
4 181 182 194 193 
4 182 183 195 194 
4 183 184 196 195 
4 184 185 197 196 
4 185 186 198 197 
4 186 187 199 198 
4 187 188 200 199 
4 188 189 201 200 
4 189 190 202 201 
4 190 191 203 202 
4 191 192 204 203 
3 192 156 204 
3 143 193 205 
4 193 194 206 205 
4 194 195 207 206 
4 195 196 208 207 
4 196 197 209 208 
4 197 198 210 209 
4 198 199 211 210 
4 199 200 212 211 
4 200 201 213 212 
4 201 202 214 213 
4 202 203 215 214 
4 203 204 216 215 
3 204 156 216 
3 143 205 217 
4 205 206 218 217 
4 206 207 219 218 
4 207 208 220 219 
4 208 209 221 220 
4 209 210 222 221 
4 210 211 223 222 
4 211 212 224 223 
4 212 213 225 224 
4 213 214 226 225 
4 214 215 227 226 
4 215 216 228 227 
3 216 156 228 
3 143 217 229 
4 217 218 230 229 
4 218 219 231 230 
4 219 220 232 231 
4 220 221 233 232 
4 221 222 234 233 
4 222 223 235 234 
4 223 224 236 235 
4 224 225 237 236 
4 225 226 238 237 
4 226 227 239 238 
4 227 228 240 239 
3 228 156 240 
3 143 229 241 
4 229 230 242 241 
4 230 231 243 242 
4 231 232 244 243 
4 232 233 245 244 
4 233 234 246 245 
4 234 235 247 246 
4 235 236 248 247 
4 236 237 249 248 
4 237 238 250 249 
4 238 239 251 250 
4 239 240 252 251 
3 240 156 252 
3 143 241 253 
4 241 242 254 253 
4 242 243 255 254 
4 243 244 256 255 
4 244 245 257 256 
4 245 246 258 257 
4 246 247 259 258 
4 247 248 260 259 
4 248 249 261 260 
4 249 250 262 261 
4 250 251 263 262 
4 251 252 264 263 
3 252 156 264 
3 143 253 144 
4 253 254 145 144 
4 254 255 146 145 
4 255 256 147 146 
4 256 257 148 147 
4 257 258 149 148 
4 258 259 150 149 
4 259 260 151 150 
4 260 261 152 151 
4 261 262 153 152 
4 262 263 154 153 
4 263 264 155 154 
3 264 156 155 
