-1
0.287824
1
-0.738678
0.44107
0.436669
0.100461
-1
0.303107
1
1
-0.183303
-0.220158
0.50945
1
0.58857
-0.844523
-0.624158
1
-1
0.0789324
-1
0.332722
-0.74929
1
-1
-1
1
-0.841164
0.787081
0.984738
1
1
-1
-1
0.165405
1
1
0.645375
1
1
-1
1
-0.677971
-1
-1
-1
-1
0.173299
-0.702725
1
-0.0908548
-0.644039
0.0594424
-0.806936
-1
-1
0.356648
1
0.582172
-0.239239
-0.445397
-1
1
1
-1
0.122956
-1
0.477146
-0.478268
1
0.526111
-1
-0.0603493
0.994828
-0.962047
0.770138
-0.434729
-0.71238
-0.414274
1
-0.397391
-0.103357
-0.425571
1
0.482623
-0.557929
1
-0.322839
-0.26035
-0.55951
1
1
-1
-1
-0.530879
-0.395737
-0.528943
-0.768584
0.0354347
-0.461288
1
-1
0.0629075
-0.908133
1
1
0.631814
-1
0.254147
-0.554142
0.00198597
0.511678
1
1
0.441181
0.0655389
-0.150988
-1
0.112043
-1
0.173535
-1
-0.336559
1
-1
0.975534
0.448817
0.247363
-0.610928
-0.940838
1
1
-1
-1
-1
-1
-0.618738
-0.133674
-0.479523
-0.236767
-1
1
-0.603036
-0.516432
0.481463
-1
-0.690205
-1
0.135301
-0.920544
-1
-0.0255761
-0.382822-1
0.287824
1
-0.738678
0.44107
0.436669
0.100461
-1
0.303107
1
1
-0.183303
-0.220158
0.50945
1
0.58857
-0.844523
-0.624158
1
-1
0.0789324
-1
0.332722
-0.74929
1
-1
-1
1
-0.841164
0.787081
0.984738
1
1
-1
-1
0.165405
1
1
0.645375
1
1
-1
1
-0.677971
-1
-1
-1
-1
0.173299
-0.702725
1
-0.0908548
-0.644039
0.0594424
-0.806936
-1
-1
0.356648
1
0.582172
-0.239239
-0.445397
-1
1
1
-1
0.122956
-1
0.477146
-0.478268
1
0.526111
-1
-0.0603493
0.994828
-0.962047
0.770138
-0.434729
-0.71238
-0.414274
1
-0.397391
-0.103357
-0.425571
1
0.482623
-0.557929
1
-0.322839
-0.26035
-0.55951
1
1
-1
-1
-0.530879
-0.395737
-0.528943
-0.768584
0.0354347
-0.461288
1
-1
0.0629075
-0.908133
1
1
0.631814
-1
0.254147
-0.554142
0.00198597
0.511678
1
1
0.441181
0.0655389
-0.150988
-1
0.112043
-1
0.173535
-1
-0.336559
1
-1
0.975534
0.448817
0.247363
-0.610928
-0.940838
1
1
-1
-1
-1
-1
-0.618738
-0.133674
-0.479523
-0.236767
-1
1
-0.603036
-0.516432
0.481463
-1
-0.690205
-1
0.135301
-0.920544
-1
-0.0255761
-0.382822-1
0.287824
1
-0.738678
0.44107
0.436669
0.100461
-1
0.303107
1
1
-0.183303
-0.220158
0.50945
1
0.58857
-0.844523
-0.624158
1
-1
0.0789324
-1
0.332722
-0.74929
1
-1
-1
1
-0.841164
0.787081
0.984738
1
1
-1
-1
0.165405
1
1
0.645375
1
1
-1
1
-0.677971
-1
-1
-1
-1
0.173299
-0.702725
1
-0.0908548
-0.644039
0.0594424
-0.806936
-1
-1
0.356648
1
0.582172
-0.239239
-0.445397
-1
1
1
-1
0.122956
-1
0.477146
-0.478268
1
0.526111
-1
-0.0603493
0.994828
-0.962047
0.770138
-0.434729
-0.71238
-0.414274
1
-0.397391
-0.103357
-0.425571
1
0.482623
-0.557929
1
-0.322839
-0.26035
-0.55951
1
1
-1
-1
-0.530879
-0.395737
-0.528943
-0.768584
0.0354347
-0.461288
1
-1
0.0629075
-0.908133
1
1
0.631814
-1
0.254147
-0.554142
0.00198597
0.511678
1
1
0.441181
0.0655389
-0.150988
-1
0.112043
-1
0.173535
-1
-0.336559
1
-1
0.975534
0.448817
0.247363
-0.610928
-0.940838
1
1
-1
-1
-1
-1
-0.618738
-0.133674
-0.479523
-0.236767
-1
1
-0.603036
-0.516432
0.481463
-1
-0.690205
-1
0.135301
-0.920544
-1
-0.0255761
-0.382822-1
0.287824
1
-0.738678
0.44107
0.436669
0.100461
-1
0.303107
1
1
-0.183303
-0.220158
0.50945
1
0.58857
-0.844523
-0.624158
1
-1
0.0789324
-1
0.332722
-0.74929
1
-1
-1
1
-0.841164
0.787081
0.984738
1
1
-1
-1
0.165405
1
1
0.645375
1
1
-1
1
-0.677971
-1
-1
-1
-1
0.173299
-0.702725
1
-0.0908548
-0.644039
0.0594424
-0.806936
-1
-1
0.356648
1
0.582172
-0.239239
-0.445397
-1
1
1
-1
0.122956
-1
0.477146
-0.478268
1
0.526111
-1
-0.0603493
0.994828
-0.962047
0.770138
-0.434729
-0.71238
-0.414274
1
-0.397391
-0.103357
-0.425571
1
0.482623
-0.557929
1
-0.322839
-0.26035
-0.55951
1
1
-1
-1
-0.530879
-0.395737
-0.528943
-0.768584
0.0354347
-0.461288
1
-1
0.0629075
-0.908133
1
1
0.631814
-1
0.254147
-0.554142
0.00198597
0.511678
1
1
0.441181
0.0655389
-0.150988
-1
0.112043
-1
0.173535
-1
-0.336559
1
-1
0.975534
0.448817
0.247363
-0.610928
-0.940838
1
1
-1
-1
-1
-1
-0.618738
-0.133674
-0.479523
-0.236767
-1
1
-0.603036
-0.516432
0.481463
-1
-0.690205
-1
0.135301
-0.920544
-1
-0.0255761
-0.382822-1
0.287824
1
-0.738678
0.44107
0.436669
0.100461
-1
0.303107
1
1
-0.183303
-0.220158
0.50945
1
0.58857
-0.844523
-0.624158
1
-1
0.0789324
-1
0.332722
-0.74929
1
-1
-1
1
-0.841164
0.787081
0.984738
1
1
-1
-1
0.165405
1
1
0.645375
1
1
-1
1
-0.677971
-1
-1
-1
-1
0.173299
-0.702725
1
-0.0908548
-0.644039
0.0594424
-0.806936
-1
-1
0.356648
1
0.582172
-0.239239
-0.445397
-1
1
1
-1
0.122956
-1
0.477146
-0.478268
1
0.526111
-1
-0.0603493
0.994828
-0.962047
0.770138
-0.434729
-0.71238
-0.414274
1
-0.397391
-0.103357
-0.425571
1
0.482623
-0.557929
1
-0.322839
-0.26035
-0.55951
1
1
-1
-1
-0.530879
-0.395737
-0.528943
-0.768584
0.0354347
-0.461288
1
-1
0.0629075
-0.908133
1
1
0.631814
-1
0.254147
-0.554142
0.00198597
0.511678
1
1
0.441181
0.0655389
-0.150988
-1
0.112043
-1
0.173535
-1
-0.336559
1
-1
0.975534
0.448817
0.247363
-0.610928
-0.940838
1
1
-1
-1
-1
-1
-0.618738
-0.133674
-0.479523
-0.236767
-1
1
-0.603036
-0.516432
0.481463
-1
-0.690205
-1
0.135301
-0.920544
-1
-0.0255761
-0.382822-1
0.287824
1
-0.738678
0.44107
0.436669
0.100461
-1
0.303107
1
1
-0.183303
-0.220158
0.50945
1
0.58857
-0.844523
-0.624158
1
-1
0.0789324
-1
0.332722
-0.74929
1
-1
-1
1
-0.841164
0.787081
0.984738
1
1
-1
-1
0.165405
1
1
0.645375
1
1
-1
1
-0.677971
-1
-1
-1
-1
0.173299
-0.702725
1
-0.0908548
-0.644039
0.0594424
-0.806936
-1
-1
0.356648
1
0.582172
-0.239239
-0.445397
-1
1
1
-1
0.122956
-1
0.477146
-0.478268
1
0.526111
-1
-0.0603493
0.994828
-0.962047
0.770138
-0.434729
-0.71238
-0.414274
1
-0.397391
-0.103357
-0.425571
1
0.482623
-0.557929
1
-0.322839
-0.26035
-0.55951
1
1
-1
-1
-0.530879
-0.395737
-0.528943
-0.768584
0.0354347
-0.461288
1
-1
0.0629075
-0.908133
1
1
0.631814
-1
0.254147
-0.554142
0.00198597
0.511678
1
1
0.441181
0.0655389
-0.150988
-1
0.112043
-1
0.173535
-1
-0.336559
1
-1
0.975534
0.448817
0.247363
-0.610928
-0.940838
1
1
-1
-1
-1
-1
-0.618738
-0.133674
-0.479523
-0.236767
-1
1
-0.603036
-0.516432
0.481463
-1
-0.690205
-1
0.135301
-0.920544
-1
-0.0255761
-0.382822-1
0.287824
1
-0.738678
0.44107
0.436669
0.100461
-1
0.303107
1
1
-0.183303
-0.220158
0.50945
1
0.58857
-0.844523
-0.624158
1
-1
0.0789324
-1
0.332722
-0.74929
1
-1
-1
1
-0.841164
0.787081
0.984738
1
1
-1
-1
0.165405
1
1
0.645375
1
1
-1
1
-0.677971
-1
-1
-1
-1
0.173299
-0.702725
1
-0.0908548
-0.644039
0.0594424
-0.806936
-1
-1
0.356648
1
0.582172
-0.239239
-0.445397
-1
1
1
-1
0.122956
-1
0.477146
-0.478268
1
0.526111
-1
-0.0603493
0.994828
-0.962047
0.770138
-0.434729
-0.71238
-0.414274
1
-0.397391
-0.103357
-0.425571
1
0.482623
-0.557929
1
-0.322839
-0.26035
-0.55951
1
1
-1
-1
-0.530879
-0.395737
-0.528943
-0.768584
0.0354347
-0.461288
1
-1
0.0629075
-0.908133
1
1
0.631814
-1
0.254147
-0.554142
0.00198597
0.511678
1
1
0.441181
0.0655389
-0.150988
-1
0.112043
-1
0.173535
-1
-0.336559
1
-1
0.975534
0.448817
0.247363
-0.610928
-0.940838
1
1
-1
-1
-1
-1
-0.618738
-0.133674
-0.479523
-0.236767
-1
1
-0.603036
-0.516432
0.481463
-1
-0.690205
-1
0.135301
-0.920544
-1
-0.0255761
-0.382822-1
0.287824
1
-0.738678
0.44107
0.436669
0.100461
-1
0.303107
1
1
-0.183303
-0.220158
0.50945
1
0.58857
-0.844523
-0.624158
1
-1
0.0789324
-1
0.332722
-0.74929
1
-1
-1
1
-0.841164
0.787081
0.984738
1
1
-1
-1
0.165405
1
1
0.645375
1
1
-1
1
-0.677971
-1
-1
-1
-1
0.173299
-0.702725
1
-0.0908548
-0.644039
0.0594424
-0.806936
-1
-1
0.356648
1
0.582172
-0.239239
-0.445397
-1
1
1
-1
0.122956
-1
0.477146
-0.478268
1
0.526111
-1
-0.0603493
0.994828
-0.962047
0.770138
-0.434729
-0.71238
-0.414274
1
-0.397391
-0.103357
-0.425571
1
0.482623
-0.557929
1
-0.322839
-0.26035
-0.55951
1
1
-1
-1
-0.530879
-0.395737
-0.528943
-0.768584
0.0354347
-0.461288
1
-1
0.0629075
-0.908133
1
1
0.631814
-1
0.254147
-0.554142
0.00198597
0.511678
1
1
0.441181
0.0655389
-0.150988
-1
0.112043
-1
0.173535
-1
-0.336559
1
-1
0.975534
0.448817
0.247363
-0.610928
-0.940838
1
1
-1
-1
-1
-1
-0.618738
-0.133674
-0.479523
-0.236767
-1
1
-0.603036
-0.516432
0.481463
-1
-0.690205
-1
0.135301
-0.920544
-1
-0.0255761
-0.382822-1
0.287824
1
-0.738678
0.44107
0.436669
0.100461
-1
0.303107
1
1
-0.183303
-0.220158
0.50945
1
0.58857
-0.844523
-0.624158
1
-1
0.0789324
-1
0.332722
-0.74929
1
-1
-1
1
-0.841164
0.787081
0.984738
1
1
-1
-1
0.165405
1
1
0.645375
1
1
-1
1
-0.677971
-1
-1
-1
-1
0.173299
-0.702725
1
-0.0908548
-0.644039
0.0594424
-0.806936
-1
-1
0.356648
1
0.582172
-0.239239
-0.445397
-1
1
1
-1
0.122956
-1
0.477146
-0.478268
1
0.526111
-1
-0.0603493
0.994828
-0.962047
0.770138
-0.434729
-0.71238
-0.414274
1
-0.397391
-0.103357
-0.425571
1
0.482623
-0.557929
1
-0.322839
-0.26035
-0.55951
1
1
-1
-1
-0.530879
-0.395737
-0.528943
-0.768584
0.0354347
-0.461288
1
-1
0.0629075
-0.908133
1
1
0.631814
-1
0.254147
-0.554142
0.00198597
0.511678
1
1
0.441181
0.0655389
-0.150988
-1
0.112043
-1
0.173535
-1
-0.336559
1
-1
0.975534
0.448817
0.247363
-0.610928
-0.940838
1
1
-1
-1
-1
-1
-0.618738
-0.133674
-0.479523
-0.236767
-1
1
-0.603036
-0.516432
0.481463
-1
-0.690205
-1
0.135301
-0.920544
-1
-0.0255761
-0.382822-1
0.287824
1
-0.738678
0.44107
0.436669
0.100461
-1
0.303107
1
1
-0.183303
-0.220158
0.50945
1
0.58857
-0.844523
-0.624158
1
-1
0.0789324
-1
0.332722
-0.74929
1
-1
-1
1
-0.841164
0.787081
0.984738
1
1
-1
-1
0.165405
1
1
0.645375
1
1
-1
1
-0.677971
-1
-1
-1
-1
0.173299
-0.702725
1
-0.0908548
-0.644039
0.0594424
-0.806936
-1
-1
0.356648
1
0.582172
-0.239239
-0.445397
-1
1
1
-1
0.122956
-1
0.477146
-0.478268
1
0.526111
-1
-0.0603493
0.994828
-0.962047
0.770138
-0.434729
-0.71238
-0.414274
1
-0.397391
-0.103357
-0.425571
1
0.482623
-0.557929
1
-0.322839
-0.26035
-0.55951
1
1
-1
-1
-0.530879
-0.395737
-0.528943
-0.768584
0.0354347
-0.461288
1
-1
0.0629075
-0.908133
1
1
0.631814
-1
0.254147
-0.554142
0.00198597
0.511678
1
1
0.441181
0.0655389
-0.150988
-1
0.112043
-1
0.173535
-1
-0.336559
1
-1
0.975534
0.448817
0.247363
-0.610928
-0.940838
1
1
-1
-1
-1
-1
-0.618738
-0.133674
-0.479523
-0.236767
-1
1
-0.603036
-0.516432
0.481463
-1
-0.690205
-1
0.135301
-0.920544
-1
-0.0255761
-0.382822-1
0.287824
1
-0.738678
0.44107
0.436669
0.100461
-1
0.303107
1
1
-0.183303
-0.220158
0.50945
1
0.58857
-0.844523
-0.624158
1
-1
0.0789324
-1
0.332722
-0.74929
1
-1
-1
1
-0.841164
0.787081
0.984738
1
1
-1
-1
0.165405
1
1
0.645375
1
1
-1
1
-0.677971
-1
-1
-1
-1
0.173299
-0.702725
1
-0.0908548
-0.644039
0.0594424
-0.806936
-1
-1
0.356648
1
0.582172
-0.239239
-0.445397
-1
1
1
-1
0.122956
-1
0.477146
-0.478268
1
0.526111
-1
-0.0603493
0.994828
-0.962047
0.770138
-0.434729
-0.71238
-0.414274
1
-0.397391
-0.103357
-0.425571
1
0.482623
-0.557929
1
-0.322839
-0.26035
-0.55951
1
1
-1
-1
-0.530879
-0.395737
-0.528943
-0.768584
0.0354347
-0.461288
1
-1
0.0629075
-0.908133
1
1
0.631814
-1
0.254147
-0.554142
0.00198597
0.511678
1
1
0.441181
0.0655389
-0.150988
-1
0.112043
-1
0.173535
-1
-0.336559
1
-1
0.975534
0.448817
0.247363
-0.610928
-0.940838
1
1
-1
-1
-1
-1
-0.618738
-0.133674
-0.479523
-0.236767
-1
1
-0.603036
-0.516432
0.481463
-1
-0.690205
-1
0.135301
-0.920544
-1
-0.0255761
-0.382822-1
0.287824
1
-0.738678
0.44107
0.436669
0.100461
-1
0.303107
1
1
-0.183303
-0.220158
0.50945
1
0.58857
-0.844523
-0.624158
1
-1
0.0789324
-1
0.332722
-0.74929
1
-1
-1
1
-0.841164
0.787081
0.984738
1
1
-1
-1
0.165405
1
1
0.645375
1
1
-1
1
-0.677971
-1
-1
-1
-1
0.173299
-0.702725
1
-0.0908548
-0.644039
0.0594424
-0.806936
-1
-1
0.356648
1
0.582172
-0.239239
-0.445397
-1
1
1
-1
0.122956
-1
0.477146
-0.478268
1
0.526111
-1
-0.0603493
0.994828
-0.962047
0.770138
-0.434729
-0.71238
-0.414274
1
-0.397391
-0.103357
-0.425571
1
0.482623
-0.557929
1
-0.322839
-0.26035
-0.55951
1
1
-1
-1
-0.530879
-0.395737
-0.528943
-0.768584
0.0354347
-0.461288
1
-1
0.0629075
-0.908133
1
1
0.631814
-1
0.254147
-0.554142
0.00198597
0.511678
1
1
0.441181
0.0655389
-0.150988
-1
0.112043
-1
0.173535
-1
-0.336559
1
-1
0.975534
0.448817
0.247363
-0.610928
-0.940838
1
1
-1
-1
-1
-1
-0.618738
-0.133674
-0.479523
-0.236767
-1
1
-0.603036
-0.516432
0.481463
-1
-0.690205
-1
0.135301
-0.920544
-1
-0.0255761
-0.382822-1
0.287824
1
-0.738678
0.44107
0.436669
0.100461
-1
0.303107
1
1
-0.183303
-0.220158
0.50945
1
0.58857
-0.844523
-0.624158
1
-1
0.0789324
-1
0.332722
-0.74929
1
-1
-1
1
-0.841164
0.787081
0.984738
1
1
-1
-1
0.165405
1
1
0.645375
1
1
-1
1
-0.677971
-1
-1
-1
-1
0.173299
-0.702725
1
-0.0908548
-0.644039
0.0594424
-0.806936
-1
-1
0.356648
1
0.582172
-0.239239
-0.445397
-1
1
1
-1
0.122956
-1
0.477146
-0.478268
1
0.526111
-1
-0.0603493
0.994828
-0.962047
0.770138
-0.434729
-0.71238
-0.414274
1
-0.397391
-0.103357
-0.425571
1
0.482623
-0.557929
1
-0.322839
-0.26035
-0.55951
1
1
-1
-1
-0.530879
-0.395737
-0.528943
-0.768584
0.0354347
-0.461288
1
-1
0.0629075
-0.908133
1
1
0.631814
-1
0.254147
-0.554142
0.00198597
0.511678
1
1
0.441181
0.0655389
-0.150988
-1
0.112043
-1
0.173535
-1
-0.336559
1
-1
0.975534
0.448817
0.247363
-0.610928
-0.940838
1
1
-1
-1
-1
-1
-0.618738
-0.133674
-0.479523
-0.236767
-1
1
-0.603036
-0.516432
0.481463
-1
-0.690205
-1
0.135301
-0.920544
-1
-0.0255761
-0.382822-1
0.287824
1
-0.738678
0.44107
0.436669
0.100461
-1
0.303107
1
1
-0.183303
-0.220158
0.50945
1
0.58857
-0.844523
-0.624158
1
-1
0.0789324
-1
0.332722
-0.74929
1
-1
-1
1
-0.841164
0.787081
0.984738
1
1
-1
-1
0.165405
1
1
0.645375
1
1
-1
1
-0.677971
-1
-1
-1
-1
0.173299
-0.702725
1
-0.0908548
-0.644039
0.0594424
-0.806936
-1
-1
0.356648
1
0.582172
-0.239239
-0.445397
-1
1
1
-1
0.122956
-1
0.477146
-0.478268
1
0.526111
-1
-0.0603493
0.994828
-0.962047
0.770138
-0.434729
-0.71238
-0.414274
1
-0.397391
-0.103357
-0.425571
1
0.482623
-0.557929
1
-0.322839
-0.26035
-0.55951
1
1
-1
-1
-0.530879
-0.395737
-0.528943
-0.768584
0.0354347
-0.461288
1
-1
0.0629075
-0.908133
1
1
0.631814
-1
0.254147
-0.554142
0.00198597
0.511678
1
1
0.441181
0.0655389
-0.150988
-1
0.112043
-1
0.173535
-1
-0.336559
1
-1
0.975534
0.448817
0.247363
-0.610928
-0.940838
1
1
-1
-1
-1
-1
-0.618738
-0.133674
-0.479523
-0.236767
-1
1
-0.603036
-0.516432
0.481463
-1
-0.690205
-1
0.135301
-0.920544
-1
-0.0255761
-0.382822-1
0.287824
1
-0.738678
0.44107
0.436669
0.100461
-1
0.303107
1
1
-0.183303
-0.220158
0.50945
1
0.58857
-0.844523
-0.624158
1
-1
0.0789324
-1
0.332722
-0.74929
1
-1
-1
1
-0.841164
0.787081
0.984738
1
1
-1
-1
0.165405
1
1
0.645375
1
1
-1
1
-0.677971
-1
-1
-1
-1
0.173299
-0.702725
1
-0.0908548
-0.644039
0.0594424
-0.806936
-1
-1
0.356648
1
0.582172
-0.239239
-0.445397
-1
1
1
-1
0.122956
-1
0.477146
-0.478268
1
0.526111
-1
-0.0603493
0.994828
-0.962047
0.770138
-0.434729
-0.71238
-0.414274
1
-0.397391
-0.103357
-0.425571
1
0.482623
-0.557929
1
-0.322839
-0.26035
-0.55951
1
1
-1
-1
-0.530879
-0.395737
-0.528943
-0.768584
0.0354347
-0.461288
1
-1
0.0629075
-0.908133
1
1
0.631814
-1
0.254147
-0.554142
0.00198597
0.511678
1
1
0.441181
0.0655389
-0.150988
-1
0.112043
-1
0.173535
-1
-0.336559
1
-1
0.975534
0.448817
0.247363
-0.610928
-0.940838
1
1
-1
-1
-1
-1
-0.618738
-0.133674
-0.479523
-0.236767
-1
1
-0.603036
-0.516432
0.481463
-1
-0.690205
-1
0.135301
-0.920544
-1
-0.0255761
-0.382822-1
0.287824
1
-0.738678
0.44107
0.436669
0.100461
-1
0.303107
1
1
-0.183303
-0.220158
0.50945
1
0.58857
-0.844523
-0.624158
1
-1
0.0789324
-1
0.332722
-0.74929
1
-1
-1
1
-0.841164
0.787081
0.984738
1
1
-1
-1
0.165405
1
1
0.645375
1
1
-1
1
-0.677971
-1
-1
-1
-1
0.173299
-0.702725
1
-0.0908548
-0.644039
0.0594424
-0.806936
-1
-1
0.356648
1
0.582172
-0.239239
-0.445397
-1
1
1
-1
0.122956
-1
0.477146
-0.478268
1
0.526111
-1
-0.0603493
0.994828
-0.962047
0.770138
-0.434729
-0.71238
-0.414274
1
-0.397391
-0.103357
-0.425571
1
0.482623
-0.557929
1
-0.322839
-0.26035
-0.55951
1
1
-1
-1
-0.530879
-0.395737
-0.528943
-0.768584
0.0354347
-0.461288
1
-1
0.0629075
-0.908133
1
1
0.631814
-1
0.254147
-0.554142
0.00198597
0.511678
1
1
0.441181
0.0655389
-0.150988
-1
0.112043
-1
0.173535
-1
-0.336559
1
-1
0.975534
0.448817
0.247363
-0.610928
-0.940838
1
1
-1
-1
-1
-1
-0.618738
-0.133674
-0.479523
-0.236767
-1
1
-0.603036
-0.516432
0.481463
-1
-0.690205
-1
0.135301
-0.920544
-1
-0.0255761
-0.382822-1
0.287824
1
-0.738678
0.44107
0.436669
0.100461
-1
0.303107
1
1
-0.183303
-0.220158
0.50945
1
0.58857
-0.844523
-0.624158
1
-1
0.0789324
-1
0.332722
-0.74929
1
-1
-1
1
-0.841164
0.787081
0.984738
1
1
-1
-1
0.165405
1
1
0.645375
1
1
-1
1
-0.677971
-1
-1
-1
-1
0.173299
-0.702725
1
-0.0908548
-0.644039
0.0594424
-0.806936
-1
-1
0.356648
1
0.582172
-0.239239
-0.445397
-1
1
1
-1
0.122956
-1
0.477146
-0.478268
1
0.526111
-1
-0.0603493
0.994828
-0.962047
0.770138
-0.434729
-0.71238
-0.414274
1
-0.397391
-0.103357
-0.425571
1
0.482623
-0.557929
1
-0.322839
-0.26035
-0.55951
1
1
-1
-1
-0.530879
-0.395737
-0.528943
-0.768584
0.0354347
-0.461288
1
-1
0.0629075
-0.908133
1
1
0.631814
-1
0.254147
-0.554142
0.00198597
0.511678
1
1
0.441181
0.0655389
-0.150988
-1
0.112043
-1
0.173535
-1
-0.336559
1
-1
0.975534
0.448817
0.247363
-0.610928
-0.940838
1
1
-1
-1
-1
-1
-0.618738
-0.133674
-0.479523
-0.236767
-1
1
-0.603036
-0.516432
0.481463
-1
-0.690205
-1
0.135301
-0.920544
-1
-0.0255761
-0.382822-1
0.287824
1
-0.738678
0.44107
0.436669
0.100461
-1
0.303107
1
1
-0.183303
-0.220158
0.50945
1
0.58857
-0.844523
-0.624158
1
-1
0.0789324
-1
0.332722
-0.74929
1
-1
-1
1
-0.841164
0.787081
0.984738
1
1
-1
-1
0.165405
1
1
0.645375
1
1
-1
1
-0.677971
-1
-1
-1
-1
0.173299
-0.702725
1
-0.0908548
-0.644039
0.0594424
-0.806936
-1
-1
0.356648
1
0.582172
-0.239239
-0.445397
-1
1
1
-1
0.122956
-1
0.477146
-0.478268
1
0.526111
-1
-0.0603493
0.994828
-0.962047
0.770138
-0.434729
-0.71238
-0.414274
1
-0.397391
-0.103357
-0.425571
1
0.482623
-0.557929
1
-0.322839
-0.26035
-0.55951
1
1
-1
-1
-0.530879
-0.395737
-0.528943
-0.768584
0.0354347
-0.461288
1
-1
0.0629075
-0.908133
1
1
0.631814
-1
0.254147
-0.554142
0.00198597
0.511678
1
1
0.441181
0.0655389
-0.150988
-1
0.112043
-1
0.173535
-1
-0.336559
1
-1
0.975534
0.448817
0.247363
-0.610928
-0.940838
1
1
-1
-1
-1
-1
-0.618738
-0.133674
-0.479523
-0.236767
-1
1
-0.603036
-0.516432
0.481463
-1
-0.690205
-1
0.135301
-0.920544
-1
-0.0255761
-0.382822-1
0.287824
1
-0.738678
0.44107
0.436669
0.100461
-1
0.303107
1
1
-0.183303
-0.220158
0.50945
1
0.58857
-0.844523
-0.624158
1
-1
0.0789324
-1
0.332722
-0.74929
1
-1
-1
1
-0.841164
0.787081
0.984738
1
1
-1
-1
0.165405
1
1
0.645375
1
1
-1
1
-0.677971
-1
-1
-1
-1
0.173299
-0.702725
1
-0.0908548
-0.644039
0.0594424
-0.806936
-1
-1
0.356648
1
0.582172
-0.239239
-0.445397
